203150.0,4220.2292,7105.2023,0.8,330592.053163,4674275.17653,19,T
203151.0,4220.2291,7105.202,0.8,330592.298171,4674275.05953,19,T
203152.0,4220.2296,7105.2019,0.8,330592.394094,4674275.61275,19,T
203153.0,4220.2306,7105.2018,0.8,330592.50338,4674276.72116,19,T
203154.0,4220.2314,7105.2015,0.8,330592.77244,4674277.60351,19,T
203155.0,4220.2321,7105.201,0.8,330593.203949,4674278.37086,19,T
203156.0,4220.2329,7105.2005,0.8,330593.638129,4674279.24924,19,T
203157.0,4220.2332,7105.1996,0.8,330594.389187,4674279.56448,19,T
203158.0,4220.2338,7105.1987,0.8,330595.148262,4674280.21283,19,T
203159.0,4220.2349,7105.1976,0.8,330596.08582,4674281.41241,19,T
203200.0,4220.2355,7105.1968,0.8,330596.762335,4674282.06275,19,T
203201.0,4220.2365,7105.1962,0.8,330597.28442,4674283.16123,19,T
203202.0,4220.2371,7105.1956,0.8,330597.795815,4674283.81555,19,T
203203.0,4220.2378,7105.1951,0.8,330598.227322,4674284.58289,19,T
203204.0,4220.2382,7105.1946,0.8,330598.650812,4674285.01712,19,T
203205.0,4220.2389,7105.1941,0.8,330599.082319,4674285.78446,19,T
203206.0,4220.2396,7105.1936,0.8,330599.513826,4674286.5518,19,T
203207.0,4220.2404,7105.193,0.8,330600.030565,4674287.4282,19,T
203208.0,4220.2411,7105.1926,0.8,330600.379512,4674288.19753,19,T
203209.0,4220.242,7105.1923,0.8,330600.651244,4674289.19093,19,T
203210.0,4220.2429,7105.192,0.8,330600.922976,4674290.18433,19,T
203211.0,4220.2436,7105.1916,0.8,330601.271923,4674290.95366,19,T
203212.0,4220.2441,7105.191,0.8,330601.780644,4674291.49693,19,T
203213.0,4220.2447,7105.1902,0.8,330602.457158,4674292.14728,19,T
203214.0,4220.2455,7105.1896,0.8,330602.973897,4674293.02367,19,T
203215.0,4220.2461,7105.1889,0.8,330603.56785,4674293.676,19,T
203216.0,4220.2467,7105.1883,0.8,330604.079244,4674294.33032,19,T
203217.0,4220.2472,7105.1876,0.8,330604.670524,4674294.87161,19,T
203218.0,4220.2475,7105.187,0.8,330605.173901,4674295.19281,19,T
203219.0,4220.2477,7105.1866,0.8,330605.509485,4674295.40694,19,T
203220.0,4220.2481,7105.1859,0.8,330606.098093,4674295.83719,19,T
203221.0,4220.2486,7105.1851,0.8,330606.771933,4674296.37649,19,T
203222.0,4220.249,7105.1843,0.8,330607.443101,4674296.80476,19,T
203223.0,4220.2492,7105.1836,0.8,330608.026364,4674297.01293,19,T
203224.0,4220.2498,7105.1829,0.8,330608.620317,4674297.66526,19,T
203225.0,4220.2502,7105.1822,0.8,330609.208925,4674298.09551,19,T
203226.0,4220.2507,7105.1816,0.8,330609.717645,4674298.63879,19,T
203227.0,4220.2512,7105.181,0.8,330610.226366,4674299.18207,19,T
203228.0,4220.2516,7105.1803,0.8,330610.814973,4674299.61232,19,T
203229.0,4220.252,7105.1794,0.8,330611.5687,4674300.03859,19,T
203230.0,4220.2526,7105.1779,0.8,330612.82313,4674300.67503,19,T
203231.0,4220.2531,7105.1764,0.8,330614.074888,4674301.20043,19,T
203232.0,4220.2534,7105.175,0.8,330615.238741,4674301.50573,19,T
203233.0,4220.2537,7105.1736,0.8,330616.402594,4674301.81103,19,T
203234.0,4220.254,7105.1723,0.8,330617.483887,4674302.11832,19,T
203235.0,4220.2543,7105.1714,0.8,330618.234941,4674302.43356,19,T
203236.0,4220.254,7105.1701,0.8,330619.300201,4674302.07461,19,T
203237.0,4220.2538,7105.1687,0.8,330620.450693,4674301.82472,19,T
203238.0,4220.2541,7105.1677,0.8,330621.284307,4674302.13797,19,T
203239.0,4220.2545,7105.167,0.8,330621.872914,4674302.56822,19,T
203240.0,4220.2547,7105.1659,0.8,330622.786415,4674302.76845,19,T
203241.0,4220.2548,7105.1652,0.8,330623.367005,4674302.86558,19,T
203242.0,4220.2552,7105.1645,0.8,330623.955611,4674303.29583,19,T
203243.0,4220.2557,7105.1637,0.8,330624.62945,4674303.83514,19,T
203244.0,4220.2562,7105.1629,0.8,330625.303288,4674304.37444,19,T
203245.0,4220.2567,7105.1619,0.8,330626.142245,4674304.90978,19,T
203246.0,4220.2571,7105.161,0.8,330626.895971,4674305.33605,19,T
203247.0,4220.2574,7105.1603,0.8,330627.481905,4674305.65527,19,T
203248.0,4220.2579,7105.1594,0.8,330628.238302,4674306.19259,19,T
203249.0,4220.2583,7105.1585,0.8,330628.992027,4674306.61886,19,T
203250.0,4220.2587,7105.1575,0.8,330629.828312,4674307.04316,19,T
203251.0,4220.2591,7105.1566,0.8,330630.582037,4674307.46944,19,T
203252.0,4220.2594,7105.1558,0.8,330631.250531,4674307.78666,19,T
203253.0,4220.2598,7105.1551,0.8,330631.839136,4674308.21691,19,T
203254.0,4220.2602,7105.1544,0.8,330632.427742,4674308.64717,19,T
203255.0,4220.2606,7105.1537,0.8,330633.016347,4674309.07742,19,T
203256.0,4220.261,7105.1531,0.8,330633.522393,4674309.50966,19,T
203257.0,4220.2614,7105.1523,0.8,330634.193558,4674309.93793,19,T
203258.0,4220.2619,7105.1516,0.8,330634.784835,4674310.47922,19,T
203259.0,4220.2623,7105.1509,0.8,330635.37344,4674310.90947,19,T
203300.0,4220.2627,7105.15,0.8,330636.127165,4674311.33575,19,T
203301.0,4220.2631,7105.1493,0.8,330636.71577,4674311.76601,19,T
203302.0,4220.2636,7105.1482,0.8,330637.637285,4674312.29935,19,T
203303.0,4220.264,7105.1472,0.8,330638.473568,4674312.72365,19,T
203304.0,4220.2643,7105.1466,0.8,330638.976942,4674313.04485,19,T
203305.0,4220.2648,7105.1458,0.8,330639.650778,4674313.58415,19,T
203306.0,4220.2649,7105.1448,0.8,330640.479045,4674313.67533,19,T
203307.0,4220.265,7105.1438,0.8,330641.307313,4674313.7665,19,T
203308.0,4220.2651,7105.1428,0.8,330642.135581,4674313.85767,19,T
203309.0,4220.265,7105.1417,0.8,330643.041064,4674313.72478,19,T
203310.0,4220.2654,7105.1408,0.8,330643.794788,4674314.15106,19,T
203311.0,4220.2659,7105.1401,0.8,330644.386064,4674314.69236,19,T
203312.0,4220.2664,7105.1392,0.8,330645.142459,4674315.22968,19,T
203313.0,4220.267,7105.1382,0.8,330645.984085,4674315.87605,19,T
203314.0,4220.2677,7105.1371,0.8,330646.910943,4674316.63148,19,T
203315.0,4220.2682,7105.1362,0.8,330647.667338,4674317.1688,19,T
203316.0,4220.2686,7105.1352,0.8,330648.50362,4674317.59309,19,T
203317.0,4220.269,7105.1343,0.8,330649.257343,4674318.01938,19,T
203318.0,4220.2694,7105.1335,0.8,330649.928506,4674318.44764,19,T
203319.0,4220.2699,7105.1328,0.8,330650.519781,4674318.98894,19,T
203320.0,4220.2704,7105.132,0.8,330651.193616,4674319.52825,19,T
203321.0,4220.271,7105.1312,0.8,330651.870122,4674320.17859,19,T
203322.0,4220.2715,7105.1304,0.8,330652.543957,4674320.7179,19,T
203323.0,4220.2719,7105.1297,0.8,330653.13256,4674321.14816,19,T
203324.0,4220.2726,7105.1291,0.8,330653.646618,4674321.91352,19,T
203325.0,4220.2731,7105.1284,0.8,330654.237893,4674322.45481,19,T
203326.0,4220.2738,7105.1279,0.9,330654.669392,4674323.22216,19,T
203327.0,4220.2748,7105.1275,0.9,330655.026346,4674324.32461,19,T
203328.0,4220.2759,7105.127,0.9,330655.468531,4674325.53612,19,T
203329.0,4220.2759,7105.1265,0.9,330655.881329,4674325.52618,19,T
203330.0,4220.2765,7105.1258,0.9,330656.475275,4674326.17852,19,T
203331.0,4220.2769,7105.1252,0.9,330656.981318,4674326.61076,19,T
203332.0,4220.2772,7105.1247,0.9,330657.40213,4674326.93395,19,T
203333.0,4220.2774,7105.1243,0.9,330657.73771,4674327.14808,19,T
203334.0,4220.2778,7105.1238,0.9,330658.161194,4674327.58231,19,T
203335.0,4220.2781,7105.1233,0.9,330658.582006,4674327.9055,19,T
203336.0,4220.2785,7105.1228,0.9,330659.005489,4674328.33972,19,T
203337.0,4220.2789,7105.1222,0.9,330659.511532,4674328.77197,19,T
203338.0,4220.2793,7105.122,0.9,330659.687337,4674329.21215,19,T
203339.0,4220.2797,7105.1217,0.9,330659.945702,4674329.65035,19,T
203340.0,4220.2798,7105.1214,0.9,330660.196051,4674329.75543,19,T
203341.0,4220.2803,7105.1208,0.9,330660.704765,4674330.29872,19,T
203342.0,4220.2805,7105.1204,0.9,330661.040346,4674330.51285,19,T
203343.0,4220.2808,7105.1199,0.9,330661.461158,4674330.83604,19,T
203344.0,4220.2813,7105.1192,0.9,330662.052431,4674331.37733,19,T
203345.0,4220.2823,7105.1183,0.9,330662.822181,4674332.46985,19,T
203346.0,4220.2831,7105.1175,0.9,330663.504028,4674333.34228,19,T
203347.0,4220.2835,7105.1168,0.9,330664.092629,4674333.77254,19,T
203348.0,4220.2838,7105.1161,0.9,330664.678559,4674334.09175,19,T
203349.0,4220.2844,7105.1153,0.9,330665.355063,4674334.7421,19,T
203350.0,4220.285,7105.1146,0.9,330665.949007,4674335.39444,19,T
203351.0,4220.2858,7105.1138,0.9,330666.630853,4674336.26687,19,T
203352.0,4220.2861,7105.1133,0.9,330667.051664,4674336.59005,19,T
