200445.0,4220.2373,7105.2207,1.0,330577.078613,4674284.53641,19,T
200446.0,4220.2373,7105.2207,0.8,330577.078613,4674284.53641,19,T
200447.0,4220.2373,7105.2207,1.0,330577.078613,4674284.53641,19,T
200448.0,4220.2373,7105.2207,1.0,330577.078613,4674284.53641,19,T
200449.0,4220.2373,7105.2206,1.0,330577.161173,4674284.53442,19,T
200450.0,4220.2373,7105.2206,1.0,330577.161173,4674284.53442,19,T
200451.0,4220.2373,7105.2206,1.0,330577.161173,4674284.53442,19,T
200452.0,4220.2373,7105.2206,1.0,330577.161173,4674284.53442,19,T
200453.0,4220.2373,7105.2206,1.1,330577.161173,4674284.53442,19,T
200454.0,4220.2373,7105.2206,1.0,330577.161173,4674284.53442,19,T
200455.0,4220.2373,7105.2206,0.8,330577.161173,4674284.53442,19,T
200456.0,4220.2373,7105.2206,0.8,330577.161173,4674284.53442,19,T
200457.0,4220.2373,7105.2206,0.8,330577.161173,4674284.53442,19,T
200458.0,4220.2373,7105.2207,1.0,330577.078613,4674284.53641,19,T
200459.0,4220.2373,7105.2207,0.8,330577.078613,4674284.53641,19,T
200500.0,4220.2373,7105.2206,0.8,330577.161173,4674284.53442,19,T
200501.0,4220.2372,7105.2207,0.8,330577.07594,4674284.42537,19,T
200502.0,4220.2372,7105.2207,0.8,330577.07594,4674284.42537,19,T
200503.0,4220.2372,7105.2207,0.8,330577.07594,4674284.42537,19,T
200504.0,4220.2372,7105.2207,0.8,330577.07594,4674284.42537,19,T
200505.0,4220.2372,7105.2207,0.8,330577.07594,4674284.42537,19,T
200506.0,4220.2372,7105.2207,0.8,330577.07594,4674284.42537,19,T
200507.0,4220.2371,7105.2207,0.8,330577.073267,4674284.31433,19,T
200508.0,4220.2371,7105.2207,0.8,330577.073267,4674284.31433,19,T
200509.0,4220.2371,7105.2207,0.8,330577.073267,4674284.31433,19,T
200510.0,4220.2371,7105.2207,1.0,330577.073267,4674284.31433,19,T
200511.0,4220.2371,7105.2207,1.0,330577.073267,4674284.31433,19,T
200512.0,4220.2371,7105.2207,0.8,330577.073267,4674284.31433,19,T
200513.0,4220.2371,7105.2207,0.8,330577.073267,4674284.31433,19,T
200514.0,4220.2371,7105.2207,0.8,330577.073267,4674284.31433,19,T
200515.0,4220.2371,7105.2207,0.8,330577.073267,4674284.31433,19,T
200516.0,4220.2371,7105.2207,0.8,330577.073267,4674284.31433,19,T
200517.0,4220.2371,7105.2207,0.8,330577.073267,4674284.31433,19,T
200518.0,4220.2371,7105.2207,0.8,330577.073267,4674284.31433,19,T
200519.0,4220.2371,7105.2207,0.8,330577.073267,4674284.31433,19,T
200520.0,4220.2371,7105.2207,1.0,330577.073267,4674284.31433,19,T
200521.0,4220.2371,7105.2207,1.0,330577.073267,4674284.31433,19,T
200522.0,4220.2371,7105.2207,1.0,330577.073267,4674284.31433,19,T
200523.0,4220.2371,7105.2207,1.0,330577.073267,4674284.31433,19,T
200524.0,4220.2372,7105.2207,1.0,330577.07594,4674284.42537,19,T
200525.0,4220.2372,7105.2207,1.0,330577.07594,4674284.42537,19,T
200526.0,4220.2372,7105.2206,1.0,330577.1585,4674284.42338,19,T
200527.0,4220.2372,7105.2206,1.0,330577.1585,4674284.42338,19,T
200528.0,4220.2372,7105.2206,1.0,330577.1585,4674284.42338,19,T
200529.0,4220.2372,7105.2206,1.0,330577.1585,4674284.42338,19,T
200530.0,4220.2372,7105.2206,1.0,330577.1585,4674284.42338,19,T
200531.0,4220.2373,7105.2206,1.0,330577.161173,4674284.53442,19,T
200532.0,4220.2373,7105.2206,1.0,330577.161173,4674284.53442,19,T
200533.0,4220.2374,7105.2206,1.0,330577.163846,4674284.64546,19,T
200534.0,4220.2374,7105.2205,1.0,330577.246405,4674284.64347,19,T
200535.0,4220.2374,7105.2205,1.0,330577.246405,4674284.64347,19,T
200536.0,4220.2375,7105.2205,1.0,330577.249078,4674284.75451,19,T
200537.0,4220.2375,7105.2205,1.0,330577.249078,4674284.75451,19,T
200538.0,4220.2376,7105.2205,1.0,330577.251751,4674284.86555,19,T
200539.0,4220.2376,7105.2205,1.0,330577.251751,4674284.86555,19,T
200540.0,4220.2376,7105.2205,1.0,330577.251751,4674284.86555,19,T
200541.0,4220.2377,7105.2205,1.0,330577.254424,4674284.97659,19,T
200542.0,4220.2377,7105.2206,1.0,330577.171864,4674284.97858,19,T
200543.0,4220.2378,7105.2206,1.0,330577.174537,4674285.08962,19,T
200544.0,4220.2378,7105.2206,1.0,330577.174537,4674285.08962,19,T
200545.0,4220.2378,7105.2206,1.0,330577.174537,4674285.08962,19,T
200546.0,4220.2379,7105.2206,1.0,330577.17721,4674285.20066,19,T
200547.0,4220.2379,7105.2206,1.0,330577.17721,4674285.20066,19,T
200548.0,4220.2379,7105.2206,1.0,330577.17721,4674285.20066,19,T
200549.0,4220.238,7105.2206,1.0,330577.179883,4674285.3117,19,T
200550.0,4220.238,7105.2206,1.0,330577.179883,4674285.3117,19,T
200551.0,4220.238,7105.2206,1.0,330577.179883,4674285.3117,19,T
200552.0,4220.2381,7105.2206,1.0,330577.182555,4674285.42274,19,T
200553.0,4220.2381,7105.2206,1.0,330577.182555,4674285.42274,19,T
200554.0,4220.2381,7105.2206,1.0,330577.182555,4674285.42274,19,T
200555.0,4220.2381,7105.2206,1.0,330577.182555,4674285.42274,19,T
200556.0,4220.2382,7105.2206,1.0,330577.185228,4674285.53378,19,T
200557.0,4220.2382,7105.2206,1.0,330577.185228,4674285.53378,19,T
200558.0,4220.2382,7105.2206,1.0,330577.185228,4674285.53378,19,T
200559.0,4220.2382,7105.2206,1.0,330577.185228,4674285.53378,19,T
200600.0,4220.2382,7105.2206,1.0,330577.185228,4674285.53378,19,T
200601.0,4220.2382,7105.2206,1.0,330577.185228,4674285.53378,19,T
200602.0,4220.2382,7105.2206,1.0,330577.185228,4674285.53378,19,T
200603.0,4220.2382,7105.2206,1.0,330577.185228,4674285.53378,19,T
200604.0,4220.2381,7105.2206,1.0,330577.182555,4674285.42274,19,T
200605.0,4220.2381,7105.2205,1.0,330577.265115,4674285.42075,19,T
200606.0,4220.2381,7105.2205,1.0,330577.265115,4674285.42075,19,T
200607.0,4220.2381,7105.2205,1.0,330577.265115,4674285.42075,19,T
200608.0,4220.2381,7105.2205,1.0,330577.265115,4674285.42075,19,T
200609.0,4220.2381,7105.2205,1.0,330577.265115,4674285.42075,19,T
200610.0,4220.2382,7105.2204,1.0,330577.350348,4674285.52981,19,T
200611.0,4220.2382,7105.2204,1.0,330577.350348,4674285.52981,19,T
200612.0,4220.2382,7105.2204,1.0,330577.350348,4674285.52981,19,T
200613.0,4220.2382,7105.2204,1.0,330577.350348,4674285.52981,19,T
200614.0,4220.2382,7105.2203,1.0,330577.432908,4674285.52782,19,T
200615.0,4220.2382,7105.2203,1.0,330577.432908,4674285.52782,19,T
200616.0,4220.2382,7105.2203,1.0,330577.432908,4674285.52782,19,T
200617.0,4220.2383,7105.2202,1.0,330577.518141,4674285.63687,19,T
200618.0,4220.2383,7105.2202,1.0,330577.518141,4674285.63687,19,T
200619.0,4220.2383,7105.2202,1.0,330577.518141,4674285.63687,19,T
200620.0,4220.2383,7105.2202,1.0,330577.518141,4674285.63687,19,T
200621.0,4220.2383,7105.2202,1.0,330577.518141,4674285.63687,19,T
200622.0,4220.2383,7105.2201,1.0,330577.600701,4674285.63488,19,T
200623.0,4220.2383,7105.2201,1.0,330577.600701,4674285.63488,19,T
200624.0,4220.2383,7105.2201,1.0,330577.600701,4674285.63488,19,T
200625.0,4220.2383,7105.2201,1.0,330577.600701,4674285.63488,19,T
200626.0,4220.2383,7105.2201,1.0,330577.600701,4674285.63488,19,T
200627.0,4220.2383,7105.2201,1.0,330577.600701,4674285.63488,19,T
200628.0,4220.2383,7105.2201,1.0,330577.600701,4674285.63488,19,T
200629.0,4220.2383,7105.2201,1.0,330577.600701,4674285.63488,19,T
200630.0,4220.2383,7105.2201,1.0,330577.600701,4674285.63488,19,T
200631.0,4220.2383,7105.22,1.0,330577.683261,4674285.6329,19,T
200632.0,4220.2383,7105.22,1.0,330577.683261,4674285.6329,19,T
200633.0,4220.2383,7105.22,1.0,330577.683261,4674285.6329,19,T
200634.0,4220.2382,7105.22,1.0,330577.680588,4674285.52186,19,T
200635.0,4220.2382,7105.22,1.0,330577.680588,4674285.52186,19,T
200636.0,4220.2382,7105.22,1.0,330577.680588,4674285.52186,19,T
200637.0,4220.2382,7105.22,1.0,330577.680588,4674285.52186,19,T
200638.0,4220.2382,7105.22,1.0,330577.680588,4674285.52186,19,T
200639.0,4220.2382,7105.22,1.0,330577.680588,4674285.52186,19,T
200640.0,4220.2382,7105.22,1.0,330577.680588,4674285.52186,19,T
200641.0,4220.2382,7105.22,1.0,330577.680588,4674285.52186,19,T
200642.0,4220.2382,7105.22,1.0,330577.680588,4674285.52186,19,T
200643.0,4220.2382,7105.2199,1.0,330577.763148,4674285.51987,19,T
200644.0,4220.2383,7105.2199,1.0,330577.765821,4674285.63091,19,T
200645.0,4220.2383,7105.2199,1.0,330577.765821,4674285.63091,19,T
200646.0,4220.2383,7105.2199,1.0,330577.765821,4674285.63091,19,T
200647.0,4220.2383,7105.2199,1.0,330577.765821,4674285.63091,19,T
200648.0,4220.2383,7105.2199,1.0,330577.765821,4674285.63091,19,T
200649.0,4220.2383,7105.2199,1.0,330577.765821,4674285.63091,19,T
200650.0,4220.2383,7105.2198,1.0,330577.848381,4674285.62892,19,T
200651.0,4220.2383,7105.2198,1.0,330577.848381,4674285.62892,19,T
200652.0,4220.2383,7105.2198,1.0,330577.848381,4674285.62892,19,T
200653.0,4220.2383,7105.2198,1.0,330577.848381,4674285.62892,19,T
200654.0,4220.2384,7105.2198,1.0,330577.851053,4674285.73996,19,T
200655.0,4220.2384,7105.2198,1.0,330577.851053,4674285.73996,19,T
200656.0,4220.2384,7105.2198,1.0,330577.851053,4674285.73996,19,T
200657.0,4220.2384,7105.2197,1.0,330577.933613,4674285.73797,19,T
200658.0,4220.2384,7105.2197,1.0,330577.933613,4674285.73797,19,T
200659.0,4220.2384,7105.2197,1.0,330577.933613,4674285.73797,19,T
200700.0,4220.2384,7105.2197,1.0,330577.933613,4674285.73797,19,T
200701.0,4220.2385,7105.2197,1.0,330577.936286,4674285.84901,19,T
200702.0,4220.2385,7105.2197,1.0,330577.936286,4674285.84901,19,T
200703.0,4220.2385,7105.2197,1.0,330577.936286,4674285.84901,19,T
200704.0,4220.2385,7105.2197,1.0,330577.936286,4674285.84901,19,T
200705.0,4220.2385,7105.2197,1.0,330577.936286,4674285.84901,19,T
200706.0,4220.2385,7105.2196,1.0,330578.018846,4674285.84703,19,T
200707.0,4220.2385,7105.2196,1.0,330578.018846,4674285.84703,19,T
200708.0,4220.2385,7105.2196,1.0,330578.018846,4674285.84703,19,T
200709.0,4220.2385,7105.2196,1.0,330578.018846,4674285.84703,19,T
200710.0,4220.2386,7105.2196,1.0,330578.021519,4674285.95807,19,T
200711.0,4220.2386,7105.2196,1.0,330578.021519,4674285.95807,19,T
200712.0,4220.2386,7105.2196,1.0,330578.021519,4674285.95807,19,T
200713.0,4220.2386,7105.2196,1.0,330578.021519,4674285.95807,19,T
200714.0,4220.2386,7105.2196,1.0,330578.021519,4674285.95807,19,T
200715.0,4220.2386,7105.2196,1.0,330578.021519,4674285.95807,19,T
200716.0,4220.2386,7105.2196,1.0,330578.021519,4674285.95807,19,T
200717.0,4220.2386,7105.2196,1.0,330578.021519,4674285.95807,19,T
200718.0,4220.2386,7105.2196,1.0,330578.021519,4674285.95807,19,T
200719.0,4220.2386,7105.2196,1.0,330578.021519,4674285.95807,19,T
200720.0,4220.2386,7105.2196,1.0,330578.021519,4674285.95807,19,T
200721.0,4220.2386,7105.2196,1.0,330578.021519,4674285.95807,19,T
200722.0,4220.2386,7105.2196,1.0,330578.021519,4674285.95807,19,T
200723.0,4220.2386,7105.2195,1.0,330578.104079,4674285.95608,19,T
200724.0,4220.2386,7105.2195,1.0,330578.104079,4674285.95608,19,T
200725.0,4220.2386,7105.2195,1.0,330578.104079,4674285.95608,19,T
200726.0,4220.2386,7105.2195,1.0,330578.104079,4674285.95608,19,T
200727.0,4220.2386,7105.2195,1.0,330578.104079,4674285.95608,19,T
200728.0,4220.2386,7105.2195,1.0,330578.104079,4674285.95608,19,T
200729.0,4220.2386,7105.2195,1.0,330578.104079,4674285.95608,19,T
200730.0,4220.2386,7105.2195,1.0,330578.104079,4674285.95608,19,T
200731.0,4220.2386,7105.2195,1.0,330578.104079,4674285.95608,19,T
200732.0,4220.2386,7105.2195,1.0,330578.104079,4674285.95608,19,T
200733.0,4220.2386,7105.2195,1.0,330578.104079,4674285.95608,19,T
200734.0,4220.2386,7105.2194,1.0,330578.186639,4674285.95409,19,T
200735.0,4220.2386,7105.2194,1.0,330578.186639,4674285.95409,19,T
200736.0,4220.2387,7105.2194,1.0,330578.189312,4674286.06513,19,T
200737.0,4220.2387,7105.2194,1.0,330578.189312,4674286.06513,19,T
200738.0,4220.2387,7105.2194,1.0,330578.189312,4674286.06513,19,T
200739.0,4220.2387,7105.2194,1.0,330578.189312,4674286.06513,19,T
200740.0,4220.2387,7105.2194,1.0,330578.189312,4674286.06513,19,T
200741.0,4220.2387,7105.2194,1.0,330578.189312,4674286.06513,19,T
200742.0,4220.2387,7105.2194,1.0,330578.189312,4674286.06513,19,T
200743.0,4220.2387,7105.2193,1.0,330578.271872,4674286.06314,19,T
200744.0,4220.2387,7105.2193,1.0,330578.271872,4674286.06314,19,T
200745.0,4220.2387,7105.2193,1.0,330578.271872,4674286.06314,19,T
200746.0,4220.2387,7105.2193,1.0,330578.271872,4674286.06314,19,T
200747.0,4220.2387,7105.2193,1.0,330578.271872,4674286.06314,19,T
200748.0,4220.2386,7105.2193,1.0,330578.269199,4674285.9521,19,T
200749.0,4220.2386,7105.2193,1.0,330578.269199,4674285.9521,19,T
200750.0,4220.2386,7105.2192,1.0,330578.351759,4674285.95012,19,T
200751.0,4220.2386,7105.2192,1.0,330578.351759,4674285.95012,19,T
200752.0,4220.2386,7105.2192,1.0,330578.351759,4674285.95012,19,T
200753.0,4220.2386,7105.2192,1.0,330578.351759,4674285.95012,19,T
200754.0,4220.2386,7105.2192,1.0,330578.351759,4674285.95012,19,T
200755.0,4220.2386,7105.2192,1.0,330578.351759,4674285.95012,19,T
200756.0,4220.2386,7105.2192,1.0,330578.351759,4674285.95012,19,T
200757.0,4220.2386,7105.2191,1.0,330578.434319,4674285.94813,19,T
200758.0,4220.2386,7105.2191,1.0,330578.434319,4674285.94813,19,T
200759.0,4220.2386,7105.2191,1.0,330578.434319,4674285.94813,19,T
200800.0,4220.2386,7105.2191,1.0,330578.434319,4674285.94813,19,T
200801.0,4220.2386,7105.2191,1.0,330578.434319,4674285.94813,19,T
200802.0,4220.2386,7105.2191,1.0,330578.434319,4674285.94813,19,T
200803.0,4220.2386,7105.2191,1.0,330578.434319,4674285.94813,19,T
200804.0,4220.2386,7105.2191,1.0,330578.434319,4674285.94813,19,T
200805.0,4220.2387,7105.219,1.0,330578.519551,4674286.05718,19,T
200806.0,4220.2387,7105.219,1.0,330578.519551,4674286.05718,19,T
200807.0,4220.2387,7105.219,1.0,330578.519551,4674286.05718,19,T
200808.0,4220.2387,7105.219,1.0,330578.519551,4674286.05718,19,T
200809.0,4220.2387,7105.219,1.0,330578.519551,4674286.05718,19,T
200810.0,4220.2387,7105.219,1.0,330578.519551,4674286.05718,19,T
200811.0,4220.2387,7105.219,1.0,330578.519551,4674286.05718,19,T
200812.0,4220.2387,7105.219,1.0,330578.519551,4674286.05718,19,T
200813.0,4220.2387,7105.219,1.0,330578.519551,4674286.05718,19,T
200814.0,4220.2387,7105.2189,1.0,330578.602111,4674286.0552,19,T
200815.0,4220.2387,7105.2189,1.0,330578.602111,4674286.0552,19,T
200816.0,4220.2387,7105.2189,1.0,330578.602111,4674286.0552,19,T
200817.0,4220.2387,7105.2189,1.0,330578.602111,4674286.0552,19,T
200818.0,4220.2387,7105.2189,1.0,330578.602111,4674286.0552,19,T
200819.0,4220.2387,7105.2189,1.0,330578.602111,4674286.0552,19,T
200820.0,4220.2387,7105.2189,1.0,330578.602111,4674286.0552,19,T
200821.0,4220.2387,7105.2189,1.0,330578.602111,4674286.0552,19,T
200822.0,4220.2387,7105.2189,1.0,330578.602111,4674286.0552,19,T
200823.0,4220.2387,7105.2189,1.0,330578.602111,4674286.0552,19,T
200824.0,4220.2387,7105.2189,1.0,330578.602111,4674286.0552,19,T
200825.0,4220.2387,7105.2189,1.0,330578.602111,4674286.0552,19,T
200826.0,4220.2386,7105.2189,1.0,330578.599438,4674285.94416,19,T
200827.0,4220.2386,7105.2189,1.0,330578.599438,4674285.94416,19,T
200828.0,4220.2386,7105.2189,1.0,330578.599438,4674285.94416,19,T
200829.0,4220.2386,7105.2188,1.0,330578.681998,4674285.94217,19,T
200830.0,4220.2386,7105.2188,1.0,330578.681998,4674285.94217,19,T
200831.0,4220.2386,7105.2188,1.0,330578.681998,4674285.94217,19,T
200832.0,4220.2386,7105.2188,1.0,330578.681998,4674285.94217,19,T
200833.0,4220.2386,7105.2188,1.0,330578.681998,4674285.94217,19,T
200834.0,4220.2386,7105.2188,1.0,330578.681998,4674285.94217,19,T
200835.0,4220.2386,7105.2188,1.0,330578.681998,4674285.94217,19,T
200836.0,4220.2386,7105.2188,1.1,330578.681998,4674285.94217,19,T
200837.0,4220.2386,7105.2188,1.1,330578.681998,4674285.94217,19,T
200838.0,4220.2386,7105.2188,1.0,330578.681998,4674285.94217,19,T
200839.0,4220.2386,7105.2188,1.0,330578.681998,4674285.94217,19,T
200840.0,4220.2385,7105.2188,1.0,330578.679326,4674285.83113,19,T
200841.0,4220.2385,7105.2188,1.0,330578.679326,4674285.83113,19,T
200842.0,4220.2385,7105.2188,1.0,330578.679326,4674285.83113,19,T
200843.0,4220.2385,7105.2188,1.0,330578.679326,4674285.83113,19,T
200844.0,4220.2385,7105.2187,1.0,330578.761886,4674285.82914,19,T
200845.0,4220.2385,7105.2187,0.8,330578.761886,4674285.82914,19,T
200846.0,4220.2385,7105.2187,0.9,330578.761886,4674285.82914,19,T
200847.0,4220.2385,7105.2187,0.8,330578.761886,4674285.82914,19,T
200848.0,4220.2385,7105.2187,0.8,330578.761886,4674285.82914,19,T
200849.0,4220.2385,7105.2187,0.8,330578.761886,4674285.82914,19,T
200850.0,4220.2385,7105.2187,0.8,330578.761886,4674285.82914,19,T
200851.0,4220.2385,7105.2187,0.8,330578.761886,4674285.82914,19,T
200852.0,4220.2385,7105.2187,0.8,330578.761886,4674285.82914,19,T
200853.0,4220.2385,7105.2186,0.8,330578.844445,4674285.82715,19,T
200854.0,4220.2386,7105.2186,0.8,330578.847118,4674285.93819,19,T
200855.0,4220.2386,7105.2186,0.8,330578.847118,4674285.93819,19,T
200856.0,4220.2386,7105.2186,0.8,330578.847118,4674285.93819,19,T
200857.0,4220.2386,7105.2186,0.8,330578.847118,4674285.93819,19,T
200858.0,4220.2386,7105.2186,0.8,330578.847118,4674285.93819,19,T
200859.0,4220.2386,7105.2186,0.8,330578.847118,4674285.93819,19,T
200900.0,4220.2386,7105.2186,0.8,330578.847118,4674285.93819,19,T
200901.0,4220.2386,7105.2186,0.8,330578.847118,4674285.93819,19,T
200902.0,4220.2386,7105.2186,0.8,330578.847118,4674285.93819,19,T
200903.0,4220.2386,7105.2186,0.8,330578.847118,4674285.93819,19,T
200904.0,4220.2386,7105.2186,0.8,330578.847118,4674285.93819,19,T
200905.0,4220.2386,7105.2185,0.8,330578.929678,4674285.93621,19,T
200906.0,4220.2386,7105.2185,0.8,330578.929678,4674285.93621,19,T
200907.0,4220.2386,7105.2185,0.8,330578.929678,4674285.93621,19,T
200908.0,4220.2386,7105.2185,0.8,330578.929678,4674285.93621,19,T
200909.0,4220.2386,7105.2185,0.8,330578.929678,4674285.93621,19,T
200910.0,4220.2386,7105.2185,0.8,330578.929678,4674285.93621,19,T
200911.0,4220.2386,7105.2185,0.8,330578.929678,4674285.93621,19,T
200912.0,4220.2386,7105.2185,0.8,330578.929678,4674285.93621,19,T
200913.0,4220.2386,7105.2185,0.8,330578.929678,4674285.93621,19,T
200914.0,4220.2386,7105.2185,0.8,330578.929678,4674285.93621,19,T
200915.0,4220.2386,7105.2185,1.0,330578.929678,4674285.93621,19,T
200916.0,4220.2386,7105.2185,1.0,330578.929678,4674285.93621,19,T
200917.0,4220.2386,7105.2185,1.0,330578.929678,4674285.93621,19,T
200918.0,4220.2386,7105.2185,1.0,330578.929678,4674285.93621,19,T
200919.0,4220.2386,7105.2185,1.0,330578.929678,4674285.93621,19,T
200920.0,4220.2386,7105.2185,1.0,330578.929678,4674285.93621,19,T
200921.0,4220.2386,7105.2184,1.0,330579.012238,4674285.93422,19,T
200922.0,4220.2386,7105.2184,1.0,330579.012238,4674285.93422,19,T
200923.0,4220.2386,7105.2184,1.0,330579.012238,4674285.93422,19,T
200924.0,4220.2386,7105.2184,1.0,330579.012238,4674285.93422,19,T
200925.0,4220.2386,7105.2184,1.0,330579.012238,4674285.93422,19,T
200926.0,4220.2386,7105.2184,1.0,330579.012238,4674285.93422,19,T
200927.0,4220.2386,7105.2184,1.0,330579.012238,4674285.93422,19,T
200928.0,4220.2386,7105.2184,1.0,330579.012238,4674285.93422,19,T
200929.0,4220.2387,7105.2184,1.0,330579.014911,4674286.04526,19,T
200930.0,4220.2387,7105.2184,1.0,330579.014911,4674286.04526,19,T
200931.0,4220.2387,7105.2184,1.0,330579.014911,4674286.04526,19,T
200932.0,4220.2387,7105.2184,1.0,330579.014911,4674286.04526,19,T
200933.0,4220.2387,7105.2184,1.0,330579.014911,4674286.04526,19,T
200934.0,4220.2387,7105.2184,1.0,330579.014911,4674286.04526,19,T
200935.0,4220.2387,7105.2184,1.0,330579.014911,4674286.04526,19,T
200936.0,4220.2387,7105.2184,1.0,330579.014911,4674286.04526,19,T
200937.0,4220.2387,7105.2184,1.0,330579.014911,4674286.04526,19,T
200938.0,4220.2387,7105.2184,1.0,330579.014911,4674286.04526,19,T
200939.0,4220.2387,7105.2184,1.0,330579.014911,4674286.04526,19,T
200940.0,4220.2387,7105.2184,1.0,330579.014911,4674286.04526,19,T
200941.0,4220.2387,7105.2184,1.0,330579.014911,4674286.04526,19,T
200942.0,4220.2387,7105.2183,1.0,330579.097471,4674286.04327,19,T
200943.0,4220.2387,7105.2183,1.0,330579.097471,4674286.04327,19,T
200944.0,4220.2388,7105.2183,1.0,330579.100144,4674286.15431,19,T
200945.0,4220.2388,7105.2183,1.0,330579.100144,4674286.15431,19,T
200946.0,4220.2388,7105.2183,1.0,330579.100144,4674286.15431,19,T
200947.0,4220.2388,7105.2183,1.0,330579.100144,4674286.15431,19,T
200948.0,4220.2388,7105.2183,1.0,330579.100144,4674286.15431,19,T
200949.0,4220.2388,7105.2183,1.0,330579.100144,4674286.15431,19,T
200950.0,4220.2388,7105.2183,1.0,330579.100144,4674286.15431,19,T
200951.0,4220.2388,7105.2183,1.0,330579.100144,4674286.15431,19,T
200952.0,4220.2388,7105.2183,1.0,330579.100144,4674286.15431,19,T
200953.0,4220.2388,7105.2183,1.0,330579.100144,4674286.15431,19,T
200954.0,4220.2388,7105.2183,1.0,330579.100144,4674286.15431,19,T
200955.0,4220.2388,7105.2182,1.0,330579.182704,4674286.15232,19,T
200956.0,4220.2388,7105.2182,1.0,330579.182704,4674286.15232,19,T
200957.0,4220.2389,7105.2182,1.0,330579.185376,4674286.26336,19,T
200958.0,4220.2389,7105.2182,1.0,330579.185376,4674286.26336,19,T
200959.0,4220.2389,7105.2182,1.0,330579.185376,4674286.26336,19,T
201000.0,4220.2389,7105.2182,1.0,330579.185376,4674286.26336,19,T
201001.0,4220.2389,7105.2182,1.0,330579.185376,4674286.26336,19,T
201002.0,4220.2389,7105.2182,1.0,330579.185376,4674286.26336,19,T
201003.0,4220.2389,7105.2182,1.0,330579.185376,4674286.26336,19,T
201004.0,4220.2389,7105.2182,1.0,330579.185376,4674286.26336,19,T
201005.0,4220.2389,7105.2182,1.0,330579.185376,4674286.26336,19,T
201006.0,4220.2389,7105.2182,1.3,330579.185376,4674286.26336,19,T
201007.0,4220.2389,7105.2182,1.3,330579.185376,4674286.26336,19,T
201008.0,4220.2389,7105.2182,1.3,330579.185376,4674286.26336,19,T
201009.0,4220.2389,7105.2182,1.3,330579.185376,4674286.26336,19,T
201010.0,4220.2389,7105.2182,1.3,330579.185376,4674286.26336,19,T
201011.0,4220.2389,7105.2182,1.3,330579.185376,4674286.26336,19,T
201012.0,4220.239,7105.2182,1.3,330579.188049,4674286.3744,19,T
201013.0,4220.239,7105.2182,1.3,330579.188049,4674286.3744,19,T
201014.0,4220.239,7105.2182,1.3,330579.188049,4674286.3744,19,T
201015.0,4220.239,7105.2182,1.3,330579.188049,4674286.3744,19,T
201016.0,4220.239,7105.2182,1.3,330579.188049,4674286.3744,19,T
201017.0,4220.239,7105.2182,1.3,330579.188049,4674286.3744,19,T
201018.0,4220.239,7105.2182,1.3,330579.188049,4674286.3744,19,T
201019.0,4220.239,7105.2182,1.3,330579.188049,4674286.3744,19,T
201020.0,4220.239,7105.2182,1.3,330579.188049,4674286.3744,19,T
201021.0,4220.239,7105.2182,1.3,330579.188049,4674286.3744,19,T
201022.0,4220.239,7105.2182,1.3,330579.188049,4674286.3744,19,T
201023.0,4220.239,7105.2182,0.8,330579.188049,4674286.3744,19,T
201024.0,4220.239,7105.2182,0.8,330579.188049,4674286.3744,19,T
201025.0,4220.239,7105.2182,0.8,330579.188049,4674286.3744,19,T
201026.0,4220.239,7105.2182,0.8,330579.188049,4674286.3744,19,T
201027.0,4220.239,7105.2182,0.8,330579.188049,4674286.3744,19,T
201028.0,4220.239,7105.2182,0.9,330579.188049,4674286.3744,19,T
201029.0,4220.2391,7105.2182,0.9,330579.190722,4674286.48544,19,T
201030.0,4220.2391,7105.2182,0.9,330579.190722,4674286.48544,19,T
201031.0,4220.2391,7105.2182,0.9,330579.190722,4674286.48544,19,T
201032.0,4220.2391,7105.2182,0.8,330579.190722,4674286.48544,19,T
201033.0,4220.2391,7105.2182,0.8,330579.190722,4674286.48544,19,T
201034.0,4220.2391,7105.2182,0.8,330579.190722,4674286.48544,19,T
201035.0,4220.2391,7105.2182,0.8,330579.190722,4674286.48544,19,T
201036.0,4220.2391,7105.2182,0.8,330579.190722,4674286.48544,19,T
201037.0,4220.2391,7105.2182,0.8,330579.190722,4674286.48544,19,T
201038.0,4220.2391,7105.2182,0.8,330579.190722,4674286.48544,19,T
201039.0,4220.2391,7105.2182,0.8,330579.190722,4674286.48544,19,T
201040.0,4220.2391,7105.2182,0.8,330579.190722,4674286.48544,19,T
201041.0,4220.2391,7105.2182,0.8,330579.190722,4674286.48544,19,T
201042.0,4220.2391,7105.2182,0.8,330579.190722,4674286.48544,19,T
201043.0,4220.2391,7105.2182,0.8,330579.190722,4674286.48544,19,T
201044.0,4220.2391,7105.2182,0.8,330579.190722,4674286.48544,19,T
201045.0,4220.239,7105.2182,0.8,330579.188049,4674286.3744,19,T
201046.0,4220.239,7105.2182,0.8,330579.188049,4674286.3744,19,T
201047.0,4220.239,7105.2182,0.8,330579.188049,4674286.3744,19,T
201048.0,4220.239,7105.2182,0.8,330579.188049,4674286.3744,19,T
201049.0,4220.239,7105.2182,0.8,330579.188049,4674286.3744,19,T
201050.0,4220.239,7105.2182,1.0,330579.188049,4674286.3744,19,T
201051.0,4220.239,7105.2182,1.0,330579.188049,4674286.3744,19,T
201052.0,4220.239,7105.2182,1.0,330579.188049,4674286.3744,19,T
201053.0,4220.239,7105.2182,1.0,330579.188049,4674286.3744,19,T
201054.0,4220.239,7105.2182,1.0,330579.188049,4674286.3744,19,T
201055.0,4220.239,7105.2182,1.0,330579.188049,4674286.3744,19,T
201056.0,4220.239,7105.2182,1.0,330579.188049,4674286.3744,19,T
201057.0,4220.239,7105.2182,1.0,330579.188049,4674286.3744,19,T
201058.0,4220.239,7105.2182,1.0,330579.188049,4674286.3744,19,T
201059.0,4220.239,7105.2182,1.0,330579.188049,4674286.3744,19,T
201100.0,4220.239,7105.2182,1.0,330579.188049,4674286.3744,19,T
201101.0,4220.239,7105.2181,1.0,330579.270609,4674286.37242,19,T
201102.0,4220.239,7105.2181,1.0,330579.270609,4674286.37242,19,T
201103.0,4220.239,7105.2181,1.0,330579.270609,4674286.37242,19,T
201104.0,4220.239,7105.2181,1.1,330579.270609,4674286.37242,19,T
201105.0,4220.239,7105.2181,1.1,330579.270609,4674286.37242,19,T
201106.0,4220.239,7105.2181,1.1,330579.270609,4674286.37242,19,T
201107.0,4220.239,7105.2181,1.1,330579.270609,4674286.37242,19,T
201108.0,4220.239,7105.2181,1.1,330579.270609,4674286.37242,19,T
201109.0,4220.239,7105.2181,1.1,330579.270609,4674286.37242,19,T
201110.0,4220.239,7105.2181,1.1,330579.270609,4674286.37242,19,T
201111.0,4220.239,7105.2181,1.1,330579.270609,4674286.37242,19,T
201112.0,4220.239,7105.2181,1.1,330579.270609,4674286.37242,19,T
201113.0,4220.239,7105.2181,1.1,330579.270609,4674286.37242,19,T
201114.0,4220.239,7105.2181,1.1,330579.270609,4674286.37242,19,T
201115.0,4220.239,7105.2181,1.0,330579.270609,4674286.37242,19,T
201116.0,4220.239,7105.2181,1.0,330579.270609,4674286.37242,19,T
201117.0,4220.239,7105.2181,1.0,330579.270609,4674286.37242,19,T
201118.0,4220.239,7105.2181,1.0,330579.270609,4674286.37242,19,T
201119.0,4220.239,7105.2181,1.0,330579.270609,4674286.37242,19,T
201120.0,4220.239,7105.2181,1.0,330579.270609,4674286.37242,19,T
201121.0,4220.239,7105.2181,1.0,330579.270609,4674286.37242,19,T
201122.0,4220.239,7105.2181,1.0,330579.270609,4674286.37242,19,T
201123.0,4220.239,7105.218,1.0,330579.353169,4674286.37043,19,T
201124.0,4220.239,7105.218,1.0,330579.353169,4674286.37043,19,T
201125.0,4220.239,7105.218,1.0,330579.353169,4674286.37043,19,T
201126.0,4220.239,7105.218,1.0,330579.353169,4674286.37043,19,T
201127.0,4220.239,7105.218,1.0,330579.353169,4674286.37043,19,T
201128.0,4220.239,7105.218,1.0,330579.353169,4674286.37043,19,T
201129.0,4220.239,7105.218,1.0,330579.353169,4674286.37043,19,T
201130.0,4220.239,7105.218,1.0,330579.353169,4674286.37043,19,T
201131.0,4220.239,7105.218,1.0,330579.353169,4674286.37043,19,T
201132.0,4220.239,7105.218,1.0,330579.353169,4674286.37043,19,T
201133.0,4220.239,7105.218,1.0,330579.353169,4674286.37043,19,T
201134.0,4220.239,7105.218,1.0,330579.353169,4674286.37043,19,T
201135.0,4220.239,7105.218,1.0,330579.353169,4674286.37043,19,T
201136.0,4220.239,7105.218,1.0,330579.353169,4674286.37043,19,T
201137.0,4220.2391,7105.218,1.0,330579.355842,4674286.48147,19,T
201138.0,4220.2391,7105.218,1.0,330579.355842,4674286.48147,19,T
201139.0,4220.2391,7105.218,1.0,330579.355842,4674286.48147,19,T
201140.0,4220.2391,7105.218,1.0,330579.355842,4674286.48147,19,T
201141.0,4220.2391,7105.218,1.0,330579.355842,4674286.48147,19,T
201142.0,4220.2391,7105.218,1.0,330579.355842,4674286.48147,19,T
201143.0,4220.2392,7105.218,1.0,330579.358515,4674286.59251,19,T
201144.0,4220.2392,7105.218,1.0,330579.358515,4674286.59251,19,T
201145.0,4220.2392,7105.218,1.0,330579.358515,4674286.59251,19,T
201146.0,4220.2392,7105.218,1.0,330579.358515,4674286.59251,19,T
201147.0,4220.2392,7105.218,0.8,330579.358515,4674286.59251,19,T
201148.0,4220.2392,7105.218,0.8,330579.358515,4674286.59251,19,T
201149.0,4220.2392,7105.218,0.8,330579.358515,4674286.59251,19,T
201150.0,4220.2392,7105.218,0.8,330579.358515,4674286.59251,19,T
201151.0,4220.2392,7105.218,0.8,330579.358515,4674286.59251,19,T
201152.0,4220.2392,7105.218,0.8,330579.358515,4674286.59251,19,T
201153.0,4220.2392,7105.218,0.8,330579.358515,4674286.59251,19,T
201154.0,4220.2392,7105.218,0.8,330579.358515,4674286.59251,19,T
201155.0,4220.2392,7105.218,0.8,330579.358515,4674286.59251,19,T
201156.0,4220.2392,7105.218,0.8,330579.358515,4674286.59251,19,T
201157.0,4220.2392,7105.218,0.8,330579.358515,4674286.59251,19,T
201158.0,4220.2392,7105.218,0.8,330579.358515,4674286.59251,19,T
201159.0,4220.2392,7105.218,0.8,330579.358515,4674286.59251,19,T
201200.0,4220.2392,7105.218,0.8,330579.358515,4674286.59251,19,T
201201.0,4220.2392,7105.218,0.8,330579.358515,4674286.59251,19,T
201202.0,4220.2392,7105.218,0.8,330579.358515,4674286.59251,19,T
201203.0,4220.2392,7105.218,0.8,330579.358515,4674286.59251,19,T
201204.0,4220.2392,7105.218,0.8,330579.358515,4674286.59251,19,T
201205.0,4220.2392,7105.218,0.8,330579.358515,4674286.59251,19,T
201206.0,4220.2392,7105.2179,0.8,330579.441075,4674286.59052,19,T
201207.0,4220.2392,7105.2179,0.8,330579.441075,4674286.59052,19,T
201208.0,4220.2392,7105.2179,1.0,330579.441075,4674286.59052,19,T
201209.0,4220.2392,7105.2179,1.0,330579.441075,4674286.59052,19,T
201210.0,4220.2392,7105.2179,0.8,330579.441075,4674286.59052,19,T
201211.0,4220.2392,7105.2179,0.8,330579.441075,4674286.59052,19,T
201212.0,4220.2392,7105.2179,0.8,330579.441075,4674286.59052,19,T
201213.0,4220.2392,7105.2179,0.8,330579.441075,4674286.59052,19,T
201214.0,4220.2392,7105.2179,0.8,330579.441075,4674286.59052,19,T
201215.0,4220.2391,7105.2179,0.8,330579.438402,4674286.47948,19,T
201216.0,4220.2391,7105.2179,0.8,330579.438402,4674286.47948,19,T
201217.0,4220.2391,7105.2179,0.8,330579.438402,4674286.47948,19,T
201218.0,4220.2391,7105.2179,0.8,330579.438402,4674286.47948,19,T
201219.0,4220.2391,7105.2179,0.8,330579.438402,4674286.47948,19,T
201220.0,4220.2391,7105.2179,0.8,330579.438402,4674286.47948,19,T
201221.0,4220.2391,7105.2179,0.8,330579.438402,4674286.47948,19,T
201222.0,4220.2391,7105.2179,0.8,330579.438402,4674286.47948,19,T
201223.0,4220.2391,7105.2179,0.8,330579.438402,4674286.47948,19,T
201224.0,4220.2391,7105.2179,0.8,330579.438402,4674286.47948,19,T
201225.0,4220.2391,7105.2179,0.8,330579.438402,4674286.47948,19,T
201226.0,4220.2391,7105.2179,0.8,330579.438402,4674286.47948,19,T
201227.0,4220.2391,7105.2178,0.8,330579.520962,4674286.47749,19,T
201228.0,4220.239,7105.2178,0.8,330579.518289,4674286.36646,19,T
201229.0,4220.239,7105.2178,0.8,330579.518289,4674286.36646,19,T
201230.0,4220.239,7105.2178,0.8,330579.518289,4674286.36646,19,T
201231.0,4220.239,7105.2178,0.8,330579.518289,4674286.36646,19,T
201232.0,4220.239,7105.2178,0.8,330579.518289,4674286.36646,19,T
201233.0,4220.239,7105.2178,0.8,330579.518289,4674286.36646,19,T
201234.0,4220.239,7105.2178,0.8,330579.518289,4674286.36646,19,T
201235.0,4220.239,7105.2178,0.8,330579.518289,4674286.36646,19,T
201236.0,4220.239,7105.2178,0.8,330579.518289,4674286.36646,19,T
201237.0,4220.239,7105.2178,0.8,330579.518289,4674286.36646,19,T
201238.0,4220.239,7105.2178,0.8,330579.518289,4674286.36646,19,T
201239.0,4220.239,7105.2178,0.8,330579.518289,4674286.36646,19,T
201240.0,4220.239,7105.2178,0.8,330579.518289,4674286.36646,19,T
201241.0,4220.239,7105.2178,0.8,330579.518289,4674286.36646,19,T
201242.0,4220.239,7105.2178,0.8,330579.518289,4674286.36646,19,T
201243.0,4220.239,7105.2178,0.9,330579.518289,4674286.36646,19,T
201244.0,4220.239,7105.2178,0.9,330579.518289,4674286.36646,19,T
201245.0,4220.2389,7105.2178,0.8,330579.515616,4674286.25542,19,T
201246.0,4220.2389,7105.2178,0.8,330579.515616,4674286.25542,19,T
201247.0,4220.2389,7105.2178,0.8,330579.515616,4674286.25542,19,T
201248.0,4220.2389,7105.2178,0.9,330579.515616,4674286.25542,19,T
201249.0,4220.2389,7105.2178,0.9,330579.515616,4674286.25542,19,T
201250.0,4220.2389,7105.2178,0.9,330579.515616,4674286.25542,19,T
201251.0,4220.2389,7105.2178,0.9,330579.515616,4674286.25542,19,T
201252.0,4220.2389,7105.2178,0.9,330579.515616,4674286.25542,19,T
201253.0,4220.2389,7105.2178,1.1,330579.515616,4674286.25542,19,T
201254.0,4220.2389,7105.2178,1.1,330579.515616,4674286.25542,19,T
201255.0,4220.2389,7105.2178,1.1,330579.515616,4674286.25542,19,T
201256.0,4220.2389,7105.2177,1.1,330579.598176,4674286.25343,19,T
201257.0,4220.2389,7105.2177,1.1,330579.598176,4674286.25343,19,T
201258.0,4220.2388,7105.2177,1.1,330579.595503,4674286.14239,19,T
201259.0,4220.2388,7105.2177,1.1,330579.595503,4674286.14239,19,T
201300.0,4220.2388,7105.2177,1.1,330579.595503,4674286.14239,19,T
201301.0,4220.2388,7105.2177,1.1,330579.595503,4674286.14239,19,T
201302.0,4220.2388,7105.2177,1.1,330579.595503,4674286.14239,19,T
201303.0,4220.2388,7105.2177,1.1,330579.595503,4674286.14239,19,T
201304.0,4220.2388,7105.2177,1.1,330579.595503,4674286.14239,19,T
201305.0,4220.2388,7105.2177,1.1,330579.595503,4674286.14239,19,T
201306.0,4220.2388,7105.2177,1.1,330579.595503,4674286.14239,19,T
201307.0,4220.2388,7105.2177,1.1,330579.595503,4674286.14239,19,T
201308.0,4220.2388,7105.2177,1.1,330579.595503,4674286.14239,19,T
201309.0,4220.2388,7105.2177,1.1,330579.595503,4674286.14239,19,T
201310.0,4220.2387,7105.2177,1.1,330579.59283,4674286.03135,19,T
201311.0,4220.2387,7105.2177,1.1,330579.59283,4674286.03135,19,T
201312.0,4220.2387,7105.2177,1.1,330579.59283,4674286.03135,19,T
201313.0,4220.2387,7105.2177,1.1,330579.59283,4674286.03135,19,T
201314.0,4220.2387,7105.2177,1.1,330579.59283,4674286.03135,19,T
201315.0,4220.2387,7105.2177,1.1,330579.59283,4674286.03135,19,T
201316.0,4220.2387,7105.2177,1.1,330579.59283,4674286.03135,19,T
201317.0,4220.2387,7105.2177,1.1,330579.59283,4674286.03135,19,T
201318.0,4220.2387,7105.2177,1.1,330579.59283,4674286.03135,19,T
201319.0,4220.2387,7105.2177,1.1,330579.59283,4674286.03135,19,T
201320.0,4220.2387,7105.2177,1.1,330579.59283,4674286.03135,19,T
201321.0,4220.2387,7105.2177,1.1,330579.59283,4674286.03135,19,T
201322.0,4220.2387,7105.2177,1.1,330579.59283,4674286.03135,19,T
201323.0,4220.2387,7105.2177,1.1,330579.59283,4674286.03135,19,T
201324.0,4220.2387,7105.2177,0.8,330579.59283,4674286.03135,19,T
201325.0,4220.2387,7105.2177,0.8,330579.59283,4674286.03135,19,T
201326.0,4220.2387,7105.2177,0.8,330579.59283,4674286.03135,19,T
201327.0,4220.2387,7105.2177,0.8,330579.59283,4674286.03135,19,T
201328.0,4220.2386,7105.2177,0.8,330579.590158,4674285.92031,19,T
201329.0,4220.2386,7105.2177,0.8,330579.590158,4674285.92031,19,T
201330.0,4220.2386,7105.2177,0.8,330579.590158,4674285.92031,19,T
201331.0,4220.2387,7105.2177,0.8,330579.59283,4674286.03135,19,T
201332.0,4220.2387,7105.2177,1.0,330579.59283,4674286.03135,19,T
201333.0,4220.2387,7105.2177,0.8,330579.59283,4674286.03135,19,T
201334.0,4220.2387,7105.2177,0.8,330579.59283,4674286.03135,19,T
201335.0,4220.2387,7105.2177,0.8,330579.59283,4674286.03135,19,T
201336.0,4220.2387,7105.2177,0.8,330579.59283,4674286.03135,19,T
201337.0,4220.2387,7105.2177,0.9,330579.59283,4674286.03135,19,T
201337.0,4220.2387,7105.2177,0.8,330579.59283,4674286.03135,19,T
201338.0,4220.2387,7105.2177,0.8,330579.59283,4674286.03135,19,T
201339.0,4220.2387,7105.2177,0.8,330579.59283,4674286.03135,19,T
201340.0,4220.2387,7105.2177,0.8,330579.59283,4674286.03135,19,T
201341.0,4220.2387,7105.2176,0.8,330579.67539,4674286.02936,19,T
201342.0,4220.2387,7105.2176,0.8,330579.67539,4674286.02936,19,T
201343.0,4220.2387,7105.2176,0.8,330579.67539,4674286.02936,19,T
201344.0,4220.2387,7105.2176,0.8,330579.67539,4674286.02936,19,T
201345.0,4220.2387,7105.2176,0.8,330579.67539,4674286.02936,19,T
201346.0,4220.2387,7105.2176,0.8,330579.67539,4674286.02936,19,T
201347.0,4220.2387,7105.2176,0.8,330579.67539,4674286.02936,19,T
201348.0,4220.2387,7105.2176,0.8,330579.67539,4674286.02936,19,T
201349.0,4220.2387,7105.2176,0.8,330579.67539,4674286.02936,19,T
201350.0,4220.2387,7105.2176,0.8,330579.67539,4674286.02936,19,T
201351.0,4220.2387,7105.2176,0.8,330579.67539,4674286.02936,19,T
201352.0,4220.2387,7105.2175,0.8,330579.75795,4674286.02737,19,T
201353.0,4220.2387,7105.2175,0.8,330579.75795,4674286.02737,19,T
201354.0,4220.2387,7105.2175,0.8,330579.75795,4674286.02737,19,T
201355.0,4220.2387,7105.2175,0.8,330579.75795,4674286.02737,19,T
201356.0,4220.2387,7105.2175,0.8,330579.75795,4674286.02737,19,T
201357.0,4220.2387,7105.2175,0.8,330579.75795,4674286.02737,19,T
201358.0,4220.2387,7105.2175,0.8,330579.75795,4674286.02737,19,T
201359.0,4220.2387,7105.2174,0.8,330579.84051,4674286.02539,19,T
201400.0,4220.2387,7105.2174,0.8,330579.84051,4674286.02539,19,T
201401.0,4220.2387,7105.2174,0.8,330579.84051,4674286.02539,19,T
201402.0,4220.2387,7105.2174,0.8,330579.84051,4674286.02539,19,T
201403.0,4220.2386,7105.2174,0.8,330579.837837,4674285.91435,19,T
201404.0,4220.2386,7105.2173,0.8,330579.920397,4674285.91236,19,T
201405.0,4220.2386,7105.2173,0.8,330579.920397,4674285.91236,19,T
201406.0,4220.2386,7105.2173,0.8,330579.920397,4674285.91236,19,T
201407.0,4220.2386,7105.2173,0.8,330579.920397,4674285.91236,19,T
201408.0,4220.2385,7105.2173,0.8,330579.917725,4674285.80132,19,T
201409.0,4220.2385,7105.2173,0.8,330579.917725,4674285.80132,19,T
201410.0,4220.2384,7105.2173,0.8,330579.915052,4674285.69028,19,T
201411.0,4220.2384,7105.2173,0.8,330579.915052,4674285.69028,19,T
201412.0,4220.2384,7105.2173,0.8,330579.915052,4674285.69028,19,T
201413.0,4220.2383,7105.2173,0.8,330579.912379,4674285.57924,19,T
201414.0,4220.2383,7105.2173,0.8,330579.912379,4674285.57924,19,T
201415.0,4220.2382,7105.2173,0.8,330579.909706,4674285.4682,19,T
201416.0,4220.2382,7105.2174,1.3,330579.827146,4674285.47019,19,T
201417.0,4220.2382,7105.2174,1.3,330579.827146,4674285.47019,19,T
201418.0,4220.2382,7105.2174,1.3,330579.827146,4674285.47019,19,T
201419.0,4220.2382,7105.2174,1.3,330579.827146,4674285.47019,19,T
201420.0,4220.2381,7105.2174,1.3,330579.824473,4674285.35915,19,T
201421.0,4220.2381,7105.2174,1.3,330579.824473,4674285.35915,19,T
201422.0,4220.2381,7105.2173,1.3,330579.907033,4674285.35716,19,T
201423.0,4220.2381,7105.2174,1.3,330579.824473,4674285.35915,19,T
201424.0,4220.2381,7105.2174,1.3,330579.824473,4674285.35915,19,T
201425.0,4220.2381,7105.2174,1.3,330579.824473,4674285.35915,19,T
201426.0,4220.2381,7105.2174,1.3,330579.824473,4674285.35915,19,T
201427.0,4220.2381,7105.2174,1.3,330579.824473,4674285.35915,19,T
201428.0,4220.2381,7105.2174,1.0,330579.824473,4674285.35915,19,T
201429.0,4220.2381,7105.2173,1.0,330579.907033,4674285.35716,19,T
201430.0,4220.2381,7105.2173,1.0,330579.907033,4674285.35716,19,T
201431.0,4220.2381,7105.2173,1.0,330579.907033,4674285.35716,19,T
201432.0,4220.238,7105.2173,1.0,330579.904361,4674285.24612,19,T
201433.0,4220.238,7105.2173,1.1,330579.904361,4674285.24612,19,T
201434.0,4220.238,7105.2173,1.1,330579.904361,4674285.24612,19,T
201435.0,4220.238,7105.2173,1.1,330579.904361,4674285.24612,19,T
201436.0,4220.2379,7105.2173,1.1,330579.901688,4674285.13508,19,T
201437.0,4220.2379,7105.2173,1.1,330579.901688,4674285.13508,19,T
201438.0,4220.2379,7105.2173,1.1,330579.901688,4674285.13508,19,T
201439.0,4220.2379,7105.2173,1.1,330579.901688,4674285.13508,19,T
201440.0,4220.2379,7105.2173,1.1,330579.901688,4674285.13508,19,T
201441.0,4220.2379,7105.2173,1.1,330579.901688,4674285.13508,19,T
201442.0,4220.2378,7105.2172,1.1,330579.981575,4674285.02205,19,T
201443.0,4220.2378,7105.2172,1.1,330579.981575,4674285.02205,19,T
201444.0,4220.2378,7105.2172,1.1,330579.981575,4674285.02205,19,T
201445.0,4220.2378,7105.2172,1.1,330579.981575,4674285.02205,19,T
201446.0,4220.2378,7105.2172,1.1,330579.981575,4674285.02205,19,T
201447.0,4220.2378,7105.2172,1.1,330579.981575,4674285.02205,19,T
201448.0,4220.2378,7105.2172,1.1,330579.981575,4674285.02205,19,T
201449.0,4220.2378,7105.2172,1.1,330579.981575,4674285.02205,19,T
201450.0,4220.2378,7105.2172,1.1,330579.981575,4674285.02205,19,T
201451.0,4220.2378,7105.2172,1.1,330579.981575,4674285.02205,19,T
201452.0,4220.2378,7105.2172,1.1,330579.981575,4674285.02205,19,T
201453.0,4220.2378,7105.2172,1.1,330579.981575,4674285.02205,19,T
201454.0,4220.2378,7105.2172,1.1,330579.981575,4674285.02205,19,T
201455.0,4220.2378,7105.2172,1.1,330579.981575,4674285.02205,19,T
201456.0,4220.2378,7105.2172,1.1,330579.981575,4674285.02205,19,T
201457.0,4220.2377,7105.2172,1.1,330579.978902,4674284.91101,19,T
201458.0,4220.2377,7105.2172,1.1,330579.978902,4674284.91101,19,T
201459.0,4220.2377,7105.2172,1.1,330579.978902,4674284.91101,19,T
201500.0,4220.2377,7105.2172,1.1,330579.978902,4674284.91101,19,T
201501.0,4220.2377,7105.2172,1.1,330579.978902,4674284.91101,19,T
201502.0,4220.2377,7105.2172,1.1,330579.978902,4674284.91101,19,T
201503.0,4220.2377,7105.2172,1.1,330579.978902,4674284.91101,19,T
201504.0,4220.2376,7105.2172,1.1,330579.976229,4674284.79997,19,T
201505.0,4220.2376,7105.2172,1.0,330579.976229,4674284.79997,19,T
201506.0,4220.2376,7105.2172,0.9,330579.976229,4674284.79997,19,T
201507.0,4220.2376,7105.2172,0.9,330579.976229,4674284.79997,19,T
201508.0,4220.2376,7105.2172,0.9,330579.976229,4674284.79997,19,T
201509.0,4220.2376,7105.2172,1.1,330579.976229,4674284.79997,19,T
201510.0,4220.2376,7105.2172,1.1,330579.976229,4674284.79997,19,T
201511.0,4220.2376,7105.2172,1.1,330579.976229,4674284.79997,19,T
201512.0,4220.2376,7105.2172,1.1,330579.976229,4674284.79997,19,T
201513.0,4220.2376,7105.2172,1.1,330579.976229,4674284.79997,19,T
201514.0,4220.2376,7105.2172,1.1,330579.976229,4674284.79997,19,T
201515.0,4220.2376,7105.2172,1.1,330579.976229,4674284.79997,19,T
201516.0,4220.2376,7105.2172,1.1,330579.976229,4674284.79997,19,T
201517.0,4220.2376,7105.2172,1.1,330579.976229,4674284.79997,19,T
201518.0,4220.2376,7105.2172,1.1,330579.976229,4674284.79997,19,T
201519.0,4220.2376,7105.2172,2.1,330579.976229,4674284.79997,19,T
201520.0,4220.2376,7105.2172,2.1,330579.976229,4674284.79997,19,T
201521.0,4220.2376,7105.2172,2.1,330579.976229,4674284.79997,19,T
201522.0,4220.2376,7105.2172,2.3,330579.976229,4674284.79997,19,T
201523.0,4220.2376,7105.2172,1.0,330579.976229,4674284.79997,19,T
201524.0,4220.2376,7105.2172,1.0,330579.976229,4674284.79997,19,T
201525.0,4220.2376,7105.2172,1.0,330579.976229,4674284.79997,19,T
201526.0,4220.2376,7105.2172,1.0,330579.976229,4674284.79997,19,T
201527.0,4220.2376,7105.2172,1.0,330579.976229,4674284.79997,19,T
201528.0,4220.2376,7105.2172,1.0,330579.976229,4674284.79997,19,T
201529.0,4220.2376,7105.2172,1.0,330579.976229,4674284.79997,19,T
201530.0,4220.2376,7105.2172,1.0,330579.976229,4674284.79997,19,T
201531.0,4220.2376,7105.2171,1.0,330580.058789,4674284.79799,19,T
201532.0,4220.2376,7105.2171,1.0,330580.058789,4674284.79799,19,T
201533.0,4220.2376,7105.2171,1.0,330580.058789,4674284.79799,19,T
201534.0,4220.2376,7105.2171,1.0,330580.058789,4674284.79799,19,T
201535.0,4220.2376,7105.2171,1.0,330580.058789,4674284.79799,19,T
201536.0,4220.2376,7105.2171,1.0,330580.058789,4674284.79799,19,T
201537.0,4220.2376,7105.2171,1.0,330580.058789,4674284.79799,19,T
201538.0,4220.2376,7105.2171,1.0,330580.058789,4674284.79799,19,T
201539.0,4220.2376,7105.2171,1.0,330580.058789,4674284.79799,19,T
201540.0,4220.2376,7105.2171,1.1,330580.058789,4674284.79799,19,T
201541.0,4220.2376,7105.2171,1.1,330580.058789,4674284.79799,19,T
201542.0,4220.2376,7105.2171,1.1,330580.058789,4674284.79799,19,T
201543.0,4220.2376,7105.2171,1.1,330580.058789,4674284.79799,19,T
201544.0,4220.2376,7105.2171,1.1,330580.058789,4674284.79799,19,T
201545.0,4220.2376,7105.2171,1.1,330580.058789,4674284.79799,19,T
201546.0,4220.2376,7105.2171,1.1,330580.058789,4674284.79799,19,T
201547.0,4220.2376,7105.2171,1.0,330580.058789,4674284.79799,19,T
201548.0,4220.2376,7105.2171,1.0,330580.058789,4674284.79799,19,T
201549.0,4220.2377,7105.2171,1.0,330580.061462,4674284.90903,19,T
201550.0,4220.2377,7105.2171,1.0,330580.061462,4674284.90903,19,T
201551.0,4220.2377,7105.2171,1.0,330580.061462,4674284.90903,19,T
201552.0,4220.2377,7105.2171,1.0,330580.061462,4674284.90903,19,T
201553.0,4220.2377,7105.2171,1.0,330580.061462,4674284.90903,19,T
201554.0,4220.2377,7105.2171,1.0,330580.061462,4674284.90903,19,T
201555.0,4220.2377,7105.2171,1.0,330580.061462,4674284.90903,19,T
201556.0,4220.2377,7105.2171,1.0,330580.061462,4674284.90903,19,T
201557.0,4220.2376,7105.2171,1.0,330580.058789,4674284.79799,19,T
201558.0,4220.2376,7105.2171,1.0,330580.058789,4674284.79799,19,T
201559.0,4220.2376,7105.2171,1.0,330580.058789,4674284.79799,19,T
201600.0,4220.2376,7105.2171,1.0,330580.058789,4674284.79799,19,T
201601.0,4220.2376,7105.2171,1.0,330580.058789,4674284.79799,19,T
201602.0,4220.2376,7105.217,1.0,330580.141349,4674284.796,19,T
201603.0,4220.2376,7105.217,1.0,330580.141349,4674284.796,19,T
201604.0,4220.2376,7105.217,1.0,330580.141349,4674284.796,19,T
201605.0,4220.2376,7105.217,1.0,330580.141349,4674284.796,19,T
201606.0,4220.2376,7105.217,1.0,330580.141349,4674284.796,19,T
201607.0,4220.2376,7105.217,1.0,330580.141349,4674284.796,19,T
201608.0,4220.2375,7105.217,0.8,330580.138676,4674284.68496,19,T
201609.0,4220.2375,7105.217,0.8,330580.138676,4674284.68496,19,T
201610.0,4220.2375,7105.217,0.8,330580.138676,4674284.68496,19,T
201611.0,4220.2375,7105.217,0.8,330580.138676,4674284.68496,19,T
201612.0,4220.2375,7105.217,1.0,330580.138676,4674284.68496,19,T
201613.0,4220.2375,7105.217,1.0,330580.138676,4674284.68496,19,T
201614.0,4220.2375,7105.217,1.0,330580.138676,4674284.68496,19,T
201615.0,4220.2375,7105.217,1.0,330580.138676,4674284.68496,19,T
201616.0,4220.2375,7105.217,1.0,330580.138676,4674284.68496,19,T
201617.0,4220.2375,7105.217,1.0,330580.138676,4674284.68496,19,T
201618.0,4220.2375,7105.2169,1.0,330580.221236,4674284.68297,19,T
201619.0,4220.2375,7105.2169,1.0,330580.221236,4674284.68297,19,T
201620.0,4220.2375,7105.2169,1.0,330580.221236,4674284.68297,19,T
201621.0,4220.2375,7105.2169,1.0,330580.221236,4674284.68297,19,T
201622.0,4220.2375,7105.2169,1.1,330580.221236,4674284.68297,19,T
201623.0,4220.2375,7105.2169,1.1,330580.221236,4674284.68297,19,T
201624.0,4220.2375,7105.2169,1.1,330580.221236,4674284.68297,19,T
201625.0,4220.2374,7105.2169,1.1,330580.218564,4674284.57193,19,T
201626.0,4220.2374,7105.2169,1.1,330580.218564,4674284.57193,19,T
201627.0,4220.2374,7105.2169,1.1,330580.218564,4674284.57193,19,T
201628.0,4220.2374,7105.2169,1.1,330580.218564,4674284.57193,19,T
201629.0,4220.2374,7105.2169,1.1,330580.218564,4674284.57193,19,T
201630.0,4220.2374,7105.2169,1.1,330580.218564,4674284.57193,19,T
201631.0,4220.2374,7105.2169,1.0,330580.218564,4674284.57193,19,T
201632.0,4220.2374,7105.2169,1.0,330580.218564,4674284.57193,19,T
201633.0,4220.2374,7105.2169,1.0,330580.218564,4674284.57193,19,T
201634.0,4220.2374,7105.2169,1.0,330580.218564,4674284.57193,19,T
201635.0,4220.2374,7105.2169,1.0,330580.218564,4674284.57193,19,T
201636.0,4220.2374,7105.2169,1.5,330580.218564,4674284.57193,19,T
201637.0,4220.2374,7105.2169,1.5,330580.218564,4674284.57193,19,T
201638.0,4220.2374,7105.2169,1.5,330580.218564,4674284.57193,19,T
201639.0,4220.2374,7105.2169,1.5,330580.218564,4674284.57193,19,T
201640.0,4220.2375,7105.2169,1.5,330580.221236,4674284.68297,19,T
201641.0,4220.2375,7105.2169,1.5,330580.221236,4674284.68297,19,T
201642.0,4220.2375,7105.2169,1.0,330580.221236,4674284.68297,19,T
