201803.0,4220.2466,7105.2269,1.0,330572.208478,4674294.98633,19,T
201804.0,4220.2466,7105.2269,1.0,330572.208478,4674294.98633,19,T
201805.0,4220.2466,7105.2269,1.0,330572.208478,4674294.98633,19,T
201806.0,4220.2466,7105.2269,1.0,330572.208478,4674294.98633,19,T
201807.0,4220.2466,7105.2269,1.0,330572.208478,4674294.98633,19,T
201808.0,4220.2466,7105.2269,1.0,330572.208478,4674294.98633,19,T
201809.0,4220.2466,7105.2269,1.0,330572.208478,4674294.98633,19,T
201810.0,4220.2466,7105.2269,1.0,330572.208478,4674294.98633,19,T
201811.0,4220.2466,7105.2269,1.0,330572.208478,4674294.98633,19,T
201812.0,4220.2466,7105.2269,1.0,330572.208478,4674294.98633,19,T
201813.0,4220.2466,7105.2269,1.0,330572.208478,4674294.98633,19,T
201814.0,4220.2467,7105.2269,1.0,330572.211151,4674295.09737,19,T
201815.0,4220.2467,7105.2269,1.0,330572.211151,4674295.09737,19,T
201816.0,4220.2467,7105.2269,1.0,330572.211151,4674295.09737,19,T
201817.0,4220.2467,7105.2269,1.0,330572.211151,4674295.09737,19,T
201818.0,4220.2467,7105.2269,1.0,330572.211151,4674295.09737,19,T
201819.0,4220.2467,7105.2269,1.0,330572.211151,4674295.09737,19,T
201820.0,4220.2467,7105.2269,1.0,330572.211151,4674295.09737,19,T
201821.0,4220.2467,7105.2269,1.0,330572.211151,4674295.09737,19,T
201822.0,4220.2467,7105.2269,1.0,330572.211151,4674295.09737,19,T
201823.0,4220.2467,7105.2268,1.0,330572.29371,4674295.09538,19,T
201824.0,4220.2467,7105.2268,1.0,330572.29371,4674295.09538,19,T
201825.0,4220.2467,7105.2268,1.0,330572.29371,4674295.09538,19,T
201826.0,4220.2467,7105.2268,1.0,330572.29371,4674295.09538,19,T
201827.0,4220.2467,7105.2268,1.0,330572.29371,4674295.09538,19,T
201828.0,4220.2467,7105.2268,1.0,330572.29371,4674295.09538,19,T
201829.0,4220.2467,7105.2268,1.0,330572.29371,4674295.09538,19,T
201830.0,4220.2467,7105.2268,1.0,330572.29371,4674295.09538,19,T
201831.0,4220.2467,7105.2268,1.0,330572.29371,4674295.09538,19,T
201832.0,4220.2467,7105.2268,1.0,330572.29371,4674295.09538,19,T
201833.0,4220.2467,7105.2268,1.0,330572.29371,4674295.09538,19,T
201834.0,4220.2467,7105.2268,1.1,330572.29371,4674295.09538,19,T
201835.0,4220.2467,7105.2268,1.1,330572.29371,4674295.09538,19,T
201836.0,4220.2466,7105.2268,1.1,330572.291037,4674294.98434,19,T
201837.0,4220.2466,7105.2268,1.1,330572.291037,4674294.98434,19,T
201838.0,4220.2466,7105.2268,1.1,330572.291037,4674294.98434,19,T
201839.0,4220.2466,7105.2269,1.1,330572.208478,4674294.98633,19,T
201840.0,4220.2465,7105.2269,1.1,330572.205805,4674294.87529,19,T
201841.0,4220.2465,7105.2269,1.1,330572.205805,4674294.87529,19,T
201842.0,4220.2465,7105.2269,1.1,330572.205805,4674294.87529,19,T
201843.0,4220.2465,7105.2269,1.1,330572.205805,4674294.87529,19,T
201844.0,4220.2464,7105.2269,1.1,330572.203132,4674294.76425,19,T
201845.0,4220.2464,7105.2269,1.1,330572.203132,4674294.76425,19,T
201846.0,4220.2464,7105.2269,1.1,330572.203132,4674294.76425,19,T
201847.0,4220.2464,7105.2269,1.1,330572.203132,4674294.76425,19,T
201848.0,4220.2463,7105.2269,1.1,330572.200459,4674294.65321,19,T
201849.0,4220.2463,7105.2269,1.1,330572.200459,4674294.65321,19,T
201850.0,4220.2463,7105.2269,1.1,330572.200459,4674294.65321,19,T
201851.0,4220.2463,7105.2269,1.1,330572.200459,4674294.65321,19,T
201852.0,4220.2462,7105.2269,1.1,330572.197786,4674294.54217,19,T
201853.0,4220.2462,7105.2269,1.1,330572.197786,4674294.54217,19,T
201854.0,4220.2462,7105.2269,1.1,330572.197786,4674294.54217,19,T
201855.0,4220.2462,7105.2269,1.1,330572.197786,4674294.54217,19,T
201856.0,4220.2462,7105.2269,1.1,330572.197786,4674294.54217,19,T
201857.0,4220.2462,7105.2269,1.1,330572.197786,4674294.54217,19,T
201858.0,4220.2461,7105.2269,1.1,330572.195113,4674294.43113,19,T
201859.0,4220.2461,7105.2269,1.1,330572.195113,4674294.43113,19,T
201900.0,4220.2461,7105.2269,1.1,330572.195113,4674294.43113,19,T
201901.0,4220.2461,7105.2269,1.1,330572.195113,4674294.43113,19,T
201902.0,4220.2461,7105.2269,1.1,330572.195113,4674294.43113,19,T
201903.0,4220.2461,7105.2269,1.1,330572.195113,4674294.43113,19,T
201904.0,4220.2461,7105.2269,1.1,330572.195113,4674294.43113,19,T
201905.0,4220.2461,7105.2269,1.1,330572.195113,4674294.43113,19,T
201906.0,4220.246,7105.2269,1.1,330572.19244,4674294.32009,19,T
201907.0,4220.246,7105.2269,1.1,330572.19244,4674294.32009,19,T
201908.0,4220.246,7105.2269,1.1,330572.19244,4674294.32009,19,T
201909.0,4220.246,7105.2269,1.1,330572.19244,4674294.32009,19,T
201910.0,4220.246,7105.2269,1.1,330572.19244,4674294.32009,19,T
201911.0,4220.246,7105.2269,1.1,330572.19244,4674294.32009,19,T
201912.0,4220.246,7105.2269,1.1,330572.19244,4674294.32009,19,T
201913.0,4220.246,7105.2269,1.1,330572.19244,4674294.32009,19,T
201914.0,4220.246,7105.2269,1.1,330572.19244,4674294.32009,19,T
201915.0,4220.246,7105.2269,1.1,330572.19244,4674294.32009,19,T
201916.0,4220.246,7105.2269,1.1,330572.19244,4674294.32009,19,T
201917.0,4220.246,7105.2269,1.1,330572.19244,4674294.32009,19,T
201918.0,4220.246,7105.2269,1.1,330572.19244,4674294.32009,19,T
201919.0,4220.246,7105.2269,1.1,330572.19244,4674294.32009,19,T
201920.0,4220.246,7105.2269,1.1,330572.19244,4674294.32009,19,T
201921.0,4220.246,7105.227,1.1,330572.10988,4674294.32208,19,T
201922.0,4220.246,7105.227,1.1,330572.10988,4674294.32208,19,T
201923.0,4220.246,7105.227,1.6,330572.10988,4674294.32208,19,T
201924.0,4220.246,7105.227,1.6,330572.10988,4674294.32208,19,T
201925.0,4220.246,7105.227,1.6,330572.10988,4674294.32208,19,T
201926.0,4220.246,7105.227,1.6,330572.10988,4674294.32208,19,T
201927.0,4220.246,7105.227,1.6,330572.10988,4674294.32208,19,T
201928.0,4220.246,7105.227,1.6,330572.10988,4674294.32208,19,T
201929.0,4220.246,7105.2269,1.6,330572.19244,4674294.32009,19,T
201930.0,4220.246,7105.2269,1.6,330572.19244,4674294.32009,19,T
201931.0,4220.246,7105.2269,1.6,330572.19244,4674294.32009,19,T
201932.0,4220.2459,7105.2269,1.6,330572.189767,4674294.20905,19,T
201933.0,4220.2459,7105.2269,1.6,330572.189767,4674294.20905,19,T
201934.0,4220.2459,7105.2269,1.6,330572.189767,4674294.20905,19,T
201935.0,4220.2459,7105.2269,1.6,330572.189767,4674294.20905,19,T
201936.0,4220.2459,7105.2269,1.6,330572.189767,4674294.20905,19,T
201937.0,4220.2458,7105.2269,1.6,330572.187094,4674294.09801,19,T
201938.0,4220.2458,7105.2269,1.6,330572.187094,4674294.09801,19,T
201939.0,4220.2458,7105.2269,1.6,330572.187094,4674294.09801,19,T
201940.0,4220.2458,7105.2269,1.1,330572.187094,4674294.09801,19,T
201941.0,4220.2458,7105.2269,1.1,330572.187094,4674294.09801,19,T
201942.0,4220.2458,7105.2269,1.1,330572.187094,4674294.09801,19,T
201943.0,4220.2458,7105.2269,1.1,330572.187094,4674294.09801,19,T
201944.0,4220.2458,7105.2269,1.1,330572.187094,4674294.09801,19,T
201945.0,4220.2458,7105.2269,1.1,330572.187094,4674294.09801,19,T
201946.0,4220.2457,7105.2269,1.1,330572.184421,4674293.98697,19,T
201947.0,4220.2457,7105.2269,1.1,330572.184421,4674293.98697,19,T
201948.0,4220.2457,7105.2269,1.1,330572.184421,4674293.98697,19,T
201949.0,4220.2457,7105.2269,1.1,330572.184421,4674293.98697,19,T
201950.0,4220.2457,7105.2269,1.1,330572.184421,4674293.98697,19,T
201951.0,4220.2457,7105.2269,1.1,330572.184421,4674293.98697,19,T
201952.0,4220.2457,7105.2269,1.1,330572.184421,4674293.98697,19,T
201953.0,4220.2457,7105.2269,1.1,330572.184421,4674293.98697,19,T
201954.0,4220.2457,7105.2269,1.1,330572.184421,4674293.98697,19,T
201955.0,4220.2457,7105.2269,1.1,330572.184421,4674293.98697,19,T
201956.0,4220.2456,7105.2269,1.1,330572.181748,4674293.87593,19,T
201957.0,4220.2456,7105.2269,1.1,330572.181748,4674293.87593,19,T
201958.0,4220.2456,7105.2269,1.1,330572.181748,4674293.87593,19,T
201959.0,4220.2456,7105.2269,1.1,330572.181748,4674293.87593,19,T
202000.0,4220.2456,7105.2269,0.8,330572.181748,4674293.87593,19,T
202001.0,4220.2456,7105.2269,0.8,330572.181748,4674293.87593,19,T
202002.0,4220.2456,7105.2269,0.8,330572.181748,4674293.87593,19,T
202003.0,4220.2456,7105.2269,0.8,330572.181748,4674293.87593,19,T
202004.0,4220.2456,7105.2269,0.8,330572.181748,4674293.87593,19,T
202005.0,4220.2456,7105.2269,0.8,330572.181748,4674293.87593,19,T
202006.0,4220.2455,7105.2269,0.8,330572.179075,4674293.76489,19,T
202007.0,4220.2455,7105.2269,0.8,330572.179075,4674293.76489,19,T
202008.0,4220.2455,7105.2269,1.1,330572.179075,4674293.76489,19,T
202009.0,4220.2455,7105.2269,1.1,330572.179075,4674293.76489,19,T
202010.0,4220.2455,7105.2269,1.1,330572.179075,4674293.76489,19,T
202011.0,4220.2455,7105.2269,1.1,330572.179075,4674293.76489,19,T
202012.0,4220.2455,7105.2269,1.1,330572.179075,4674293.76489,19,T
202013.0,4220.2455,7105.2269,1.1,330572.179075,4674293.76489,19,T
202014.0,4220.2455,7105.2269,1.1,330572.179075,4674293.76489,19,T
202015.0,4220.2455,7105.2269,1.1,330572.179075,4674293.76489,19,T
202016.0,4220.2455,7105.2269,1.1,330572.179075,4674293.76489,19,T
202017.0,4220.2455,7105.2269,1.1,330572.179075,4674293.76489,19,T
202018.0,4220.2455,7105.2269,1.1,330572.179075,4674293.76489,19,T
202019.0,4220.2455,7105.2269,1.1,330572.179075,4674293.76489,19,T
202020.0,4220.2455,7105.2269,1.1,330572.179075,4674293.76489,19,T
202021.0,4220.2454,7105.2269,1.1,330572.176403,4674293.65385,19,T
202022.0,4220.2454,7105.2269,1.1,330572.176403,4674293.65385,19,T
202023.0,4220.2454,7105.2269,1.1,330572.176403,4674293.65385,19,T
202024.0,4220.2454,7105.2269,1.1,330572.176403,4674293.65385,19,T
202025.0,4220.2454,7105.2269,1.1,330572.176403,4674293.65385,19,T
202026.0,4220.2454,7105.2269,1.1,330572.176403,4674293.65385,19,T
202027.0,4220.2454,7105.2269,1.1,330572.176403,4674293.65385,19,T
202028.0,4220.2454,7105.2269,1.1,330572.176403,4674293.65385,19,T
202029.0,4220.2454,7105.2269,1.1,330572.176403,4674293.65385,19,T
202030.0,4220.2454,7105.2269,1.1,330572.176403,4674293.65385,19,T
202031.0,4220.2454,7105.2269,1.1,330572.176403,4674293.65385,19,T
202032.0,4220.2454,7105.2269,1.1,330572.176403,4674293.65385,19,T
202033.0,4220.2454,7105.2269,1.1,330572.176403,4674293.65385,19,T
202034.0,4220.2454,7105.2269,1.1,330572.176403,4674293.65385,19,T
202035.0,4220.2454,7105.2269,1.1,330572.176403,4674293.65385,19,T
202036.0,4220.2454,7105.2269,1.1,330572.176403,4674293.65385,19,T
202037.0,4220.2454,7105.2269,1.1,330572.176403,4674293.65385,19,T
202038.0,4220.2454,7105.2269,1.1,330572.176403,4674293.65385,19,T
202039.0,4220.2454,7105.2269,1.1,330572.176403,4674293.65385,19,T
202040.0,4220.2454,7105.2269,1.1,330572.176403,4674293.65385,19,T
202041.0,4220.2454,7105.2269,1.1,330572.176403,4674293.65385,19,T
202042.0,4220.2454,7105.2269,1.1,330572.176403,4674293.65385,19,T
202043.0,4220.2454,7105.2269,1.1,330572.176403,4674293.65385,19,T
202044.0,4220.2454,7105.2269,1.1,330572.176403,4674293.65385,19,T
202045.0,4220.2454,7105.2269,1.1,330572.176403,4674293.65385,19,T
202046.0,4220.2454,7105.2269,1.1,330572.176403,4674293.65385,19,T
202047.0,4220.2454,7105.2269,1.1,330572.176403,4674293.65385,19,T
202048.0,4220.2453,7105.2269,1.1,330572.17373,4674293.54281,19,T
202049.0,4220.2453,7105.2269,1.1,330572.17373,4674293.54281,19,T
202050.0,4220.2453,7105.2269,1.1,330572.17373,4674293.54281,19,T
202051.0,4220.2453,7105.2269,1.1,330572.17373,4674293.54281,19,T
202052.0,4220.2453,7105.2269,1.1,330572.17373,4674293.54281,19,T
202053.0,4220.2453,7105.2269,1.1,330572.17373,4674293.54281,19,T
202054.0,4220.2453,7105.2269,1.1,330572.17373,4674293.54281,19,T
202055.0,4220.2453,7105.2269,1.1,330572.17373,4674293.54281,19,T
202056.0,4220.2453,7105.2269,1.1,330572.17373,4674293.54281,19,T
202057.0,4220.2453,7105.2269,1.1,330572.17373,4674293.54281,19,T
202058.0,4220.2453,7105.2269,1.1,330572.17373,4674293.54281,19,T
202059.0,4220.2452,7105.2269,1.1,330572.171057,4674293.43177,19,T
202100.0,4220.2452,7105.2269,1.1,330572.171057,4674293.43177,19,T
202101.0,4220.2452,7105.2269,1.1,330572.171057,4674293.43177,19,T
202102.0,4220.2452,7105.2269,1.1,330572.171057,4674293.43177,19,T
202103.0,4220.2452,7105.2269,1.1,330572.171057,4674293.43177,19,T
202104.0,4220.2452,7105.2269,0.8,330572.171057,4674293.43177,19,T
202105.0,4220.2452,7105.2269,0.8,330572.171057,4674293.43177,19,T
202106.0,4220.2452,7105.2269,0.8,330572.171057,4674293.43177,19,T
202107.0,4220.2452,7105.2269,0.8,330572.171057,4674293.43177,19,T
202108.0,4220.2452,7105.2269,0.8,330572.171057,4674293.43177,19,T
202109.0,4220.2452,7105.2269,0.8,330572.171057,4674293.43177,19,T
202110.0,4220.2452,7105.2269,0.8,330572.171057,4674293.43177,19,T
202111.0,4220.2451,7105.2269,0.8,330572.168384,4674293.32073,19,T
202112.0,4220.2451,7105.2269,0.8,330572.168384,4674293.32073,19,T
202113.0,4220.2451,7105.2269,0.8,330572.168384,4674293.32073,19,T
202114.0,4220.2451,7105.2269,0.8,330572.168384,4674293.32073,19,T
202115.0,4220.2451,7105.2269,0.8,330572.168384,4674293.32073,19,T
202116.0,4220.2451,7105.2269,0.8,330572.168384,4674293.32073,19,T
202117.0,4220.2451,7105.2269,0.8,330572.168384,4674293.32073,19,T
202118.0,4220.2451,7105.2269,1.1,330572.168384,4674293.32073,19,T
202119.0,4220.2451,7105.2269,0.8,330572.168384,4674293.32073,19,T
202120.0,4220.2451,7105.2269,1.1,330572.168384,4674293.32073,19,T
202121.0,4220.2451,7105.2269,0.8,330572.168384,4674293.32073,19,T
202122.0,4220.2451,7105.2269,0.8,330572.168384,4674293.32073,19,T
202123.0,4220.2451,7105.2269,0.8,330572.168384,4674293.32073,19,T
202124.0,4220.245,7105.2269,0.8,330572.165711,4674293.20969,19,T
202125.0,4220.245,7105.2269,0.8,330572.165711,4674293.20969,19,T
202126.0,4220.245,7105.2269,0.8,330572.165711,4674293.20969,19,T
202127.0,4220.245,7105.2268,1.1,330572.248271,4674293.2077,19,T
202128.0,4220.2453,7105.2269,1.1,330572.17373,4674293.54281,19,T
202129.0,4220.2453,7105.2269,0.8,330572.17373,4674293.54281,19,T
202130.0,4220.2453,7105.2269,1.1,330572.17373,4674293.54281,19,T
202131.0,4220.2453,7105.2269,0.8,330572.17373,4674293.54281,19,T
202132.0,4220.2453,7105.2269,0.8,330572.17373,4674293.54281,19,T
202133.0,4220.2453,7105.2269,0.8,330572.17373,4674293.54281,19,T
202134.0,4220.2452,7105.2269,0.8,330572.171057,4674293.43177,19,T
202135.0,4220.2452,7105.2269,0.8,330572.171057,4674293.43177,19,T
202136.0,4220.2452,7105.2269,0.8,330572.171057,4674293.43177,19,T
202137.0,4220.2452,7105.2269,0.8,330572.171057,4674293.43177,19,T
202138.0,4220.2452,7105.2269,0.8,330572.171057,4674293.43177,19,T
202139.0,4220.2452,7105.2269,0.8,330572.171057,4674293.43177,19,T
202140.0,4220.2452,7105.2269,0.8,330572.171057,4674293.43177,19,T
202141.0,4220.2452,7105.2269,1.1,330572.171057,4674293.43177,19,T
202142.0,4220.2452,7105.2269,1.1,330572.171057,4674293.43177,19,T
202143.0,4220.2452,7105.2269,1.1,330572.171057,4674293.43177,19,T
202144.0,4220.2452,7105.2269,1.1,330572.171057,4674293.43177,19,T
202145.0,4220.2452,7105.2269,1.1,330572.171057,4674293.43177,19,T
202146.0,4220.2451,7105.2269,1.1,330572.168384,4674293.32073,19,T
202147.0,4220.2451,7105.2269,1.1,330572.168384,4674293.32073,19,T
202148.0,4220.2451,7105.2269,1.1,330572.168384,4674293.32073,19,T
202149.0,4220.2451,7105.2269,1.1,330572.168384,4674293.32073,19,T
202150.0,4220.2451,7105.2269,1.1,330572.168384,4674293.32073,19,T
202151.0,4220.2451,7105.2269,1.1,330572.168384,4674293.32073,19,T
202152.0,4220.2451,7105.2269,1.1,330572.168384,4674293.32073,19,T
202153.0,4220.2451,7105.2269,1.1,330572.168384,4674293.32073,19,T
202154.0,4220.2451,7105.2269,1.1,330572.168384,4674293.32073,19,T
202155.0,4220.2451,7105.2269,1.1,330572.168384,4674293.32073,19,T
202156.0,4220.2451,7105.2269,1.1,330572.168384,4674293.32073,19,T
202157.0,4220.2451,7105.2269,1.1,330572.168384,4674293.32073,19,T
202158.0,4220.2451,7105.2269,1.1,330572.168384,4674293.32073,19,T
202159.0,4220.2451,7105.2269,1.1,330572.168384,4674293.32073,19,T
202200.0,4220.2451,7105.2269,1.1,330572.168384,4674293.32073,19,T
202201.0,4220.2451,7105.2269,1.1,330572.168384,4674293.32073,19,T
202202.0,4220.245,7105.2269,1.1,330572.165711,4674293.20969,19,T
202203.0,4220.245,7105.2269,1.1,330572.165711,4674293.20969,19,T
202204.0,4220.245,7105.2268,1.1,330572.248271,4674293.2077,19,T
202205.0,4220.245,7105.2268,1.1,330572.248271,4674293.2077,19,T
202206.0,4220.245,7105.2268,1.1,330572.248271,4674293.2077,19,T
202207.0,4220.245,7105.2268,1.1,330572.248271,4674293.2077,19,T
202208.0,4220.245,7105.2268,1.1,330572.248271,4674293.2077,19,T
202209.0,4220.245,7105.2268,1.1,330572.248271,4674293.2077,19,T
202210.0,4220.2451,7105.2268,1.1,330572.250944,4674293.31874,19,T
202211.0,4220.2451,7105.2268,1.1,330572.250944,4674293.31874,19,T
202212.0,4220.2451,7105.2268,1.1,330572.250944,4674293.31874,19,T
202213.0,4220.2451,7105.2268,1.1,330572.250944,4674293.31874,19,T
202214.0,4220.2451,7105.2268,1.1,330572.250944,4674293.31874,19,T
202215.0,4220.2451,7105.2268,1.1,330572.250944,4674293.31874,19,T
202216.0,4220.2451,7105.2268,1.1,330572.250944,4674293.31874,19,T
202217.0,4220.2451,7105.2268,1.1,330572.250944,4674293.31874,19,T
202218.0,4220.2451,7105.2268,1.1,330572.250944,4674293.31874,19,T
202219.0,4220.2451,7105.2267,1.1,330572.333503,4674293.31676,19,T
202220.0,4220.2451,7105.2267,1.1,330572.333503,4674293.31676,19,T
202221.0,4220.2451,7105.2267,1.1,330572.333503,4674293.31676,19,T
202222.0,4220.2451,7105.2267,1.1,330572.333503,4674293.31676,19,T
202223.0,4220.2451,7105.2267,1.1,330572.333503,4674293.31676,19,T
202224.0,4220.2451,7105.2267,1.1,330572.333503,4674293.31676,19,T
202225.0,4220.2451,7105.2267,1.1,330572.333503,4674293.31676,19,T
202226.0,4220.2451,7105.2267,1.1,330572.333503,4674293.31676,19,T
202227.0,4220.2451,7105.2267,1.1,330572.333503,4674293.31676,19,T
202228.0,4220.2451,7105.2267,1.1,330572.333503,4674293.31676,19,T
202229.0,4220.2451,7105.2267,1.1,330572.333503,4674293.31676,19,T
202230.0,4220.2451,7105.2267,1.1,330572.333503,4674293.31676,19,T
202231.0,4220.2451,7105.2267,1.1,330572.333503,4674293.31676,19,T
202232.0,4220.2451,7105.2267,1.1,330572.333503,4674293.31676,19,T
202233.0,4220.2451,7105.2267,1.1,330572.333503,4674293.31676,19,T
202234.0,4220.2451,7105.2267,1.1,330572.333503,4674293.31676,19,T
202235.0,4220.2451,7105.2267,1.1,330572.333503,4674293.31676,19,T
202236.0,4220.2451,7105.2267,1.1,330572.333503,4674293.31676,19,T
202237.0,4220.2451,7105.2267,1.1,330572.333503,4674293.31676,19,T
202238.0,4220.2451,7105.2267,1.1,330572.333503,4674293.31676,19,T
202239.0,4220.2451,7105.2267,1.1,330572.333503,4674293.31676,19,T
202240.0,4220.2451,7105.2267,1.1,330572.333503,4674293.31676,19,T
202241.0,4220.2451,7105.2267,1.1,330572.333503,4674293.31676,19,T
202242.0,4220.2451,7105.2267,1.1,330572.333503,4674293.31676,19,T
202243.0,4220.2451,7105.2267,1.1,330572.333503,4674293.31676,19,T
202244.0,4220.2451,7105.2267,1.1,330572.333503,4674293.31676,19,T
202245.0,4220.2451,7105.2267,1.1,330572.333503,4674293.31676,19,T
202246.0,4220.2451,7105.2267,1.1,330572.333503,4674293.31676,19,T
202247.0,4220.2451,7105.2267,1.1,330572.333503,4674293.31676,19,T
202248.0,4220.2451,7105.2267,1.1,330572.333503,4674293.31676,19,T
202249.0,4220.2451,7105.2266,1.1,330572.416063,4674293.31477,19,T
202250.0,4220.2451,7105.2266,1.1,330572.416063,4674293.31477,19,T
202251.0,4220.2451,7105.2266,1.1,330572.416063,4674293.31477,19,T
202252.0,4220.2451,7105.2266,1.1,330572.416063,4674293.31477,19,T
202253.0,4220.2451,7105.2266,1.1,330572.416063,4674293.31477,19,T
202254.0,4220.2451,7105.2266,1.1,330572.416063,4674293.31477,19,T
202255.0,4220.2451,7105.2266,1.1,330572.416063,4674293.31477,19,T
202256.0,4220.2451,7105.2266,1.1,330572.416063,4674293.31477,19,T
202257.0,4220.2451,7105.2266,1.1,330572.416063,4674293.31477,19,T
202258.0,4220.2451,7105.2266,1.1,330572.416063,4674293.31477,19,T
202259.0,4220.2451,7105.2266,1.1,330572.416063,4674293.31477,19,T
202300.0,4220.2451,7105.2266,1.1,330572.416063,4674293.31477,19,T
202301.0,4220.2451,7105.2266,1.1,330572.416063,4674293.31477,19,T
202302.0,4220.2451,7105.2266,1.1,330572.416063,4674293.31477,19,T
202303.0,4220.2451,7105.2266,1.1,330572.416063,4674293.31477,19,T
202304.0,4220.2451,7105.2266,1.1,330572.416063,4674293.31477,19,T
202305.0,4220.2451,7105.2266,1.1,330572.416063,4674293.31477,19,T
202306.0,4220.2451,7105.2266,1.1,330572.416063,4674293.31477,19,T
202307.0,4220.2451,7105.2266,1.1,330572.416063,4674293.31477,19,T
202308.0,4220.2451,7105.2266,1.1,330572.416063,4674293.31477,19,T
202309.0,4220.2451,7105.2266,1.1,330572.416063,4674293.31477,19,T
202310.0,4220.2451,7105.2266,1.1,330572.416063,4674293.31477,19,T
202311.0,4220.245,7105.2266,1.1,330572.41339,4674293.20373,19,T
202312.0,4220.245,7105.2266,1.1,330572.41339,4674293.20373,19,T
202313.0,4220.245,7105.2266,1.1,330572.41339,4674293.20373,19,T
202314.0,4220.245,7105.2266,1.1,330572.41339,4674293.20373,19,T
202315.0,4220.245,7105.2266,1.1,330572.41339,4674293.20373,19,T
202316.0,4220.245,7105.2266,1.1,330572.41339,4674293.20373,19,T
202317.0,4220.245,7105.2266,1.1,330572.41339,4674293.20373,19,T
202318.0,4220.245,7105.2266,1.1,330572.41339,4674293.20373,19,T
202319.0,4220.245,7105.2266,1.1,330572.41339,4674293.20373,19,T
202320.0,4220.245,7105.2266,1.1,330572.41339,4674293.20373,19,T
202321.0,4220.245,7105.2266,1.1,330572.41339,4674293.20373,19,T
202322.0,4220.245,7105.2267,1.1,330572.330831,4674293.20572,19,T
202323.0,4220.245,7105.2267,1.1,330572.330831,4674293.20572,19,T
202324.0,4220.245,7105.2267,1.1,330572.330831,4674293.20572,19,T
202325.0,4220.245,7105.2267,1.1,330572.330831,4674293.20572,19,T
202326.0,4220.245,7105.2267,1.1,330572.330831,4674293.20572,19,T
202327.0,4220.245,7105.2267,1.1,330572.330831,4674293.20572,19,T
202328.0,4220.245,7105.2267,1.1,330572.330831,4674293.20572,19,T
202329.0,4220.245,7105.2267,1.1,330572.330831,4674293.20572,19,T
202330.0,4220.245,7105.2267,1.1,330572.330831,4674293.20572,19,T
202331.0,4220.245,7105.2267,1.1,330572.330831,4674293.20572,19,T
202332.0,4220.245,7105.2267,1.1,330572.330831,4674293.20572,19,T
202333.0,4220.245,7105.2267,1.1,330572.330831,4674293.20572,19,T
202334.0,4220.245,7105.2267,1.1,330572.330831,4674293.20572,19,T
202335.0,4220.245,7105.2267,1.1,330572.330831,4674293.20572,19,T
202336.0,4220.245,7105.2267,1.1,330572.330831,4674293.20572,19,T
202337.0,4220.245,7105.2267,1.1,330572.330831,4674293.20572,19,T
202338.0,4220.245,7105.2267,1.1,330572.330831,4674293.20572,19,T
202339.0,4220.245,7105.2267,1.1,330572.330831,4674293.20572,19,T
202340.0,4220.245,7105.2267,1.1,330572.330831,4674293.20572,19,T
202341.0,4220.245,7105.2267,1.1,330572.330831,4674293.20572,19,T
202342.0,4220.245,7105.2267,1.1,330572.330831,4674293.20572,19,T
202343.0,4220.245,7105.2267,1.1,330572.330831,4674293.20572,19,T
202344.0,4220.245,7105.2267,1.1,330572.330831,4674293.20572,19,T
202345.0,4220.245,7105.2267,1.1,330572.330831,4674293.20572,19,T
202346.0,4220.245,7105.2267,1.1,330572.330831,4674293.20572,19,T
202347.0,4220.245,7105.2267,1.1,330572.330831,4674293.20572,19,T
202348.0,4220.245,7105.2267,1.1,330572.330831,4674293.20572,19,T
202349.0,4220.245,7105.2267,1.1,330572.330831,4674293.20572,19,T
202350.0,4220.245,7105.2267,1.1,330572.330831,4674293.20572,19,T
202351.0,4220.245,7105.2267,1.1,330572.330831,4674293.20572,19,T
202352.0,4220.245,7105.2267,1.1,330572.330831,4674293.20572,19,T
202353.0,4220.245,7105.2267,1.1,330572.330831,4674293.20572,19,T
202354.0,4220.245,7105.2267,1.1,330572.330831,4674293.20572,19,T
202355.0,4220.245,7105.2267,1.1,330572.330831,4674293.20572,19,T
202356.0,4220.245,7105.2267,1.1,330572.330831,4674293.20572,19,T
202357.0,4220.245,7105.2267,1.1,330572.330831,4674293.20572,19,T
202358.0,4220.245,7105.2267,1.1,330572.330831,4674293.20572,19,T
202359.0,4220.245,7105.2267,1.1,330572.330831,4674293.20572,19,T
202400.0,4220.245,7105.2267,1.1,330572.330831,4674293.20572,19,T
202401.0,4220.245,7105.2267,1.1,330572.330831,4674293.20572,19,T
202402.0,4220.245,7105.2267,1.1,330572.330831,4674293.20572,19,T
202403.0,4220.245,7105.2267,1.1,330572.330831,4674293.20572,19,T
202404.0,4220.245,7105.2267,1.1,330572.330831,4674293.20572,19,T
202405.0,4220.245,7105.2267,1.1,330572.330831,4674293.20572,19,T
202406.0,4220.245,7105.2267,1.1,330572.330831,4674293.20572,19,T
202407.0,4220.245,7105.2268,1.1,330572.248271,4674293.2077,19,T
202408.0,4220.245,7105.2268,1.1,330572.248271,4674293.2077,19,T
202409.0,4220.245,7105.2268,1.1,330572.248271,4674293.2077,19,T
202410.0,4220.245,7105.2268,1.1,330572.248271,4674293.2077,19,T
202411.0,4220.245,7105.2268,1.1,330572.248271,4674293.2077,19,T
202412.0,4220.245,7105.2268,1.1,330572.248271,4674293.2077,19,T
202413.0,4220.245,7105.2268,1.1,330572.248271,4674293.2077,19,T
202414.0,4220.245,7105.2268,1.1,330572.248271,4674293.2077,19,T
202415.0,4220.245,7105.2268,1.1,330572.248271,4674293.2077,19,T
202416.0,4220.245,7105.2268,1.1,330572.248271,4674293.2077,19,T
202417.0,4220.245,7105.2268,1.1,330572.248271,4674293.2077,19,T
202418.0,4220.245,7105.2268,1.1,330572.248271,4674293.2077,19,T
202419.0,4220.245,7105.2268,1.1,330572.248271,4674293.2077,19,T
202420.0,4220.245,7105.2268,1.1,330572.248271,4674293.2077,19,T
202421.0,4220.245,7105.2268,1.1,330572.248271,4674293.2077,19,T
202422.0,4220.245,7105.2268,1.1,330572.248271,4674293.2077,19,T
202423.0,4220.245,7105.2268,1.1,330572.248271,4674293.2077,19,T
202424.0,4220.245,7105.2268,1.1,330572.248271,4674293.2077,19,T
202425.0,4220.245,7105.2268,1.1,330572.248271,4674293.2077,19,T
202426.0,4220.245,7105.2268,1.1,330572.248271,4674293.2077,19,T
202427.0,4220.245,7105.2268,1.1,330572.248271,4674293.2077,19,T
202428.0,4220.245,7105.2268,1.1,330572.248271,4674293.2077,19,T
202429.0,4220.245,7105.2268,1.1,330572.248271,4674293.2077,19,T
202430.0,4220.245,7105.2268,1.1,330572.248271,4674293.2077,19,T
202431.0,4220.245,7105.2268,1.1,330572.248271,4674293.2077,19,T
202432.0,4220.245,7105.2268,1.1,330572.248271,4674293.2077,19,T
202433.0,4220.245,7105.2268,1.1,330572.248271,4674293.2077,19,T
202434.0,4220.245,7105.2268,1.1,330572.248271,4674293.2077,19,T
202435.0,4220.245,7105.2268,1.1,330572.248271,4674293.2077,19,T
202436.0,4220.245,7105.2268,1.1,330572.248271,4674293.2077,19,T
202437.0,4220.2449,7105.2268,1.1,330572.245598,4674293.09666,19,T
202438.0,4220.2449,7105.2268,1.1,330572.245598,4674293.09666,19,T
202439.0,4220.2449,7105.2268,1.1,330572.245598,4674293.09666,19,T
202440.0,4220.2449,7105.2268,1.1,330572.245598,4674293.09666,19,T
202441.0,4220.2449,7105.2268,1.1,330572.245598,4674293.09666,19,T
202442.0,4220.2449,7105.2268,1.1,330572.245598,4674293.09666,19,T
202443.0,4220.2449,7105.2268,1.1,330572.245598,4674293.09666,19,T
202444.0,4220.2449,7105.2268,1.1,330572.245598,4674293.09666,19,T
202445.0,4220.2449,7105.2268,1.1,330572.245598,4674293.09666,19,T
202446.0,4220.2449,7105.2268,1.1,330572.245598,4674293.09666,19,T
202447.0,4220.2449,7105.2268,1.1,330572.245598,4674293.09666,19,T
202448.0,4220.2449,7105.2268,1.1,330572.245598,4674293.09666,19,T
202449.0,4220.2449,7105.2269,1.1,330572.163038,4674293.09865,19,T
202450.0,4220.2449,7105.2269,1.1,330572.163038,4674293.09865,19,T
202451.0,4220.2449,7105.2269,1.1,330572.163038,4674293.09865,19,T
202452.0,4220.2449,7105.2269,1.1,330572.163038,4674293.09865,19,T
202453.0,4220.2449,7105.2269,1.1,330572.163038,4674293.09865,19,T
202454.0,4220.2449,7105.2269,1.1,330572.163038,4674293.09865,19,T
202455.0,4220.2449,7105.2269,1.1,330572.163038,4674293.09865,19,T
202456.0,4220.2449,7105.2269,1.1,330572.163038,4674293.09865,19,T
202457.0,4220.2449,7105.2269,1.1,330572.163038,4674293.09865,19,T
202458.0,4220.2449,7105.2269,1.1,330572.163038,4674293.09865,19,T
202459.0,4220.2449,7105.2269,1.1,330572.163038,4674293.09865,19,T
202500.0,4220.2449,7105.2269,1.1,330572.163038,4674293.09865,19,T
202501.0,4220.2449,7105.2269,1.1,330572.163038,4674293.09865,19,T
202502.0,4220.2449,7105.2269,1.1,330572.163038,4674293.09865,19,T
202503.0,4220.2449,7105.2269,1.1,330572.163038,4674293.09865,19,T
202504.0,4220.2449,7105.2269,1.1,330572.163038,4674293.09865,19,T
202505.0,4220.2449,7105.2269,1.1,330572.163038,4674293.09865,19,T
202506.0,4220.2449,7105.2269,1.1,330572.163038,4674293.09865,19,T
202507.0,4220.2449,7105.2269,1.1,330572.163038,4674293.09865,19,T
202508.0,4220.2449,7105.2269,1.1,330572.163038,4674293.09865,19,T
202509.0,4220.2449,7105.2269,1.1,330572.163038,4674293.09865,19,T
202510.0,4220.2449,7105.2269,1.1,330572.163038,4674293.09865,19,T
202511.0,4220.2449,7105.2269,1.1,330572.163038,4674293.09865,19,T
202512.0,4220.2449,7105.2269,1.1,330572.163038,4674293.09865,19,T
202513.0,4220.2449,7105.2269,1.1,330572.163038,4674293.09865,19,T
202514.0,4220.2449,7105.2269,1.1,330572.163038,4674293.09865,19,T
202515.0,4220.2449,7105.2269,1.1,330572.163038,4674293.09865,19,T
202516.0,4220.2449,7105.2269,1.1,330572.163038,4674293.09865,19,T
202517.0,4220.2449,7105.2269,1.1,330572.163038,4674293.09865,19,T
202518.0,4220.2449,7105.2269,1.1,330572.163038,4674293.09865,19,T
202519.0,4220.2449,7105.2269,1.1,330572.163038,4674293.09865,19,T
202520.0,4220.2449,7105.2269,1.1,330572.163038,4674293.09865,19,T
202521.0,4220.2449,7105.2269,0.8,330572.163038,4674293.09865,19,T
202522.0,4220.2449,7105.2269,0.8,330572.163038,4674293.09865,19,T
202523.0,4220.2449,7105.2269,0.8,330572.163038,4674293.09865,19,T
202524.0,4220.2449,7105.2269,0.8,330572.163038,4674293.09865,19,T
202525.0,4220.2449,7105.2269,0.8,330572.163038,4674293.09865,19,T
202526.0,4220.2449,7105.2269,0.8,330572.163038,4674293.09865,19,T
202527.0,4220.2449,7105.2269,0.8,330572.163038,4674293.09865,19,T
202528.0,4220.2449,7105.2269,0.8,330572.163038,4674293.09865,19,T
202529.0,4220.2449,7105.2269,0.8,330572.163038,4674293.09865,19,T
202530.0,4220.2449,7105.2269,0.8,330572.163038,4674293.09865,19,T
202531.0,4220.2449,7105.2269,0.8,330572.163038,4674293.09865,19,T
202532.0,4220.2449,7105.2269,0.8,330572.163038,4674293.09865,19,T
202533.0,4220.2449,7105.2269,0.8,330572.163038,4674293.09865,19,T
202534.0,4220.2449,7105.2269,0.8,330572.163038,4674293.09865,19,T
202535.0,4220.2449,7105.2269,0.8,330572.163038,4674293.09865,19,T
202536.0,4220.2449,7105.2269,0.8,330572.163038,4674293.09865,19,T
202537.0,4220.2449,7105.2269,0.8,330572.163038,4674293.09865,19,T
202538.0,4220.2449,7105.2269,0.8,330572.163038,4674293.09865,19,T
202539.0,4220.2449,7105.2269,0.8,330572.163038,4674293.09865,19,T
202540.0,4220.2449,7105.2269,0.8,330572.163038,4674293.09865,19,T
202541.0,4220.2449,7105.2269,0.8,330572.163038,4674293.09865,19,T
202542.0,4220.2449,7105.2269,0.8,330572.163038,4674293.09865,19,T
202543.0,4220.2449,7105.2269,0.8,330572.163038,4674293.09865,19,T
202544.0,4220.2449,7105.2269,0.8,330572.163038,4674293.09865,19,T
202545.0,4220.2449,7105.2269,0.8,330572.163038,4674293.09865,19,T
202546.0,4220.2449,7105.2269,0.8,330572.163038,4674293.09865,19,T
202547.0,4220.2449,7105.2269,0.8,330572.163038,4674293.09865,19,T
202548.0,4220.2449,7105.2269,0.8,330572.163038,4674293.09865,19,T
202549.0,4220.2449,7105.2269,0.8,330572.163038,4674293.09865,19,T
202550.0,4220.2449,7105.2269,0.8,330572.163038,4674293.09865,19,T
202551.0,4220.2449,7105.2269,0.8,330572.163038,4674293.09865,19,T
202552.0,4220.2449,7105.2269,0.8,330572.163038,4674293.09865,19,T
202553.0,4220.2449,7105.2269,0.8,330572.163038,4674293.09865,19,T
202554.0,4220.2449,7105.2269,0.8,330572.163038,4674293.09865,19,T
202555.0,4220.2449,7105.2269,0.8,330572.163038,4674293.09865,19,T
202556.0,4220.2449,7105.2269,0.8,330572.163038,4674293.09865,19,T
202557.0,4220.2449,7105.2269,1.1,330572.163038,4674293.09865,19,T
202558.0,4220.2449,7105.2269,1.1,330572.163038,4674293.09865,19,T
202559.0,4220.2449,7105.2269,1.4,330572.163038,4674293.09865,19,T
202600.0,4220.2449,7105.2269,1.4,330572.163038,4674293.09865,19,T
202601.0,4220.2449,7105.2269,1.4,330572.163038,4674293.09865,19,T
202602.0,4220.2449,7105.2269,1.4,330572.163038,4674293.09865,19,T
202603.0,4220.2449,7105.2269,1.4,330572.163038,4674293.09865,19,T
202604.0,4220.2449,7105.2269,1.4,330572.163038,4674293.09865,19,T
202605.0,4220.2449,7105.2269,1.4,330572.163038,4674293.09865,19,T
202606.0,4220.2449,7105.2269,1.4,330572.163038,4674293.09865,19,T
202607.0,4220.2449,7105.2269,1.4,330572.163038,4674293.09865,19,T
202608.0,4220.245,7105.2269,1.4,330572.165711,4674293.20969,19,T
202609.0,4220.245,7105.2269,1.4,330572.165711,4674293.20969,19,T
202610.0,4220.245,7105.2269,1.4,330572.165711,4674293.20969,19,T
202611.0,4220.245,7105.2269,1.4,330572.165711,4674293.20969,19,T
202612.0,4220.245,7105.2269,1.4,330572.165711,4674293.20969,19,T
202613.0,4220.245,7105.2269,1.4,330572.165711,4674293.20969,19,T
202614.0,4220.245,7105.2269,1.4,330572.165711,4674293.20969,19,T
202615.0,4220.245,7105.2269,1.4,330572.165711,4674293.20969,19,T
202616.0,4220.245,7105.2269,1.1,330572.165711,4674293.20969,19,T
202617.0,4220.245,7105.2269,1.1,330572.165711,4674293.20969,19,T
202618.0,4220.245,7105.2269,1.1,330572.165711,4674293.20969,19,T
202619.0,4220.245,7105.2269,1.1,330572.165711,4674293.20969,19,T
202620.0,4220.245,7105.2269,1.1,330572.165711,4674293.20969,19,T
202621.0,4220.245,7105.2269,1.1,330572.165711,4674293.20969,19,T
202622.0,4220.245,7105.2269,1.1,330572.165711,4674293.20969,19,T
202623.0,4220.245,7105.2269,1.1,330572.165711,4674293.20969,19,T
202624.0,4220.245,7105.2269,1.1,330572.165711,4674293.20969,19,T
202625.0,4220.245,7105.2269,0.8,330572.165711,4674293.20969,19,T
202626.0,4220.245,7105.2269,0.8,330572.165711,4674293.20969,19,T
202627.0,4220.245,7105.2269,0.8,330572.165711,4674293.20969,19,T
202628.0,4220.245,7105.2269,0.8,330572.165711,4674293.20969,19,T
202629.0,4220.245,7105.2269,0.8,330572.165711,4674293.20969,19,T
202630.0,4220.245,7105.2269,0.8,330572.165711,4674293.20969,19,T
202631.0,4220.245,7105.2269,0.8,330572.165711,4674293.20969,19,T
202632.0,4220.245,7105.2269,0.8,330572.165711,4674293.20969,19,T
202633.0,4220.245,7105.2269,1.1,330572.165711,4674293.20969,19,T
202634.0,4220.2449,7105.2269,1.1,330572.163038,4674293.09865,19,T
202635.0,4220.2449,7105.2269,1.1,330572.163038,4674293.09865,19,T
202636.0,4220.2449,7105.2269,1.1,330572.163038,4674293.09865,19,T
202637.0,4220.2449,7105.2269,1.1,330572.163038,4674293.09865,19,T
202638.0,4220.2449,7105.2269,1.1,330572.163038,4674293.09865,19,T
202639.0,4220.2449,7105.2269,1.1,330572.163038,4674293.09865,19,T
202640.0,4220.2449,7105.2269,1.1,330572.163038,4674293.09865,19,T
202641.0,4220.2449,7105.2269,1.1,330572.163038,4674293.09865,19,T
202642.0,4220.2449,7105.2269,1.1,330572.163038,4674293.09865,19,T
202643.0,4220.2449,7105.2269,1.1,330572.163038,4674293.09865,19,T
202644.0,4220.2449,7105.2269,1.1,330572.163038,4674293.09865,19,T
202645.0,4220.2449,7105.2269,1.1,330572.163038,4674293.09865,19,T
202646.0,4220.2449,7105.2269,1.1,330572.163038,4674293.09865,19,T
202647.0,4220.2449,7105.2269,1.1,330572.163038,4674293.09865,19,T
202648.0,4220.2449,7105.2269,1.1,330572.163038,4674293.09865,19,T
202649.0,4220.2449,7105.2269,1.1,330572.163038,4674293.09865,19,T
202650.0,4220.2449,7105.2269,1.1,330572.163038,4674293.09865,19,T
202651.0,4220.2449,7105.2269,1.1,330572.163038,4674293.09865,19,T
202652.0,4220.2449,7105.2269,1.1,330572.163038,4674293.09865,19,T
202653.0,4220.2449,7105.2269,1.1,330572.163038,4674293.09865,19,T
202654.0,4220.2449,7105.2269,1.1,330572.163038,4674293.09865,19,T
202655.0,4220.2449,7105.2269,1.1,330572.163038,4674293.09865,19,T
202656.0,4220.2449,7105.2269,1.1,330572.163038,4674293.09865,19,T
202657.0,4220.2449,7105.2269,1.1,330572.163038,4674293.09865,19,T
202658.0,4220.2449,7105.2269,1.1,330572.163038,4674293.09865,19,T
202659.0,4220.2449,7105.2269,1.1,330572.163038,4674293.09865,19,T
202700.0,4220.2449,7105.2269,1.1,330572.163038,4674293.09865,19,T
202701.0,4220.2449,7105.2269,1.1,330572.163038,4674293.09865,19,T
202702.0,4220.2449,7105.2269,1.1,330572.163038,4674293.09865,19,T
202703.0,4220.2449,7105.2269,1.1,330572.163038,4674293.09865,19,T
202704.0,4220.2449,7105.2269,1.1,330572.163038,4674293.09865,19,T
202705.0,4220.2449,7105.2269,1.1,330572.163038,4674293.09865,19,T
202706.0,4220.2449,7105.2269,1.1,330572.163038,4674293.09865,19,T
202707.0,4220.2449,7105.2269,1.1,330572.163038,4674293.09865,19,T
202708.0,4220.2449,7105.2269,1.1,330572.163038,4674293.09865,19,T
202709.0,4220.2449,7105.2269,1.1,330572.163038,4674293.09865,19,T
202710.0,4220.2449,7105.2269,1.1,330572.163038,4674293.09865,19,T
202711.0,4220.2449,7105.2269,1.1,330572.163038,4674293.09865,19,T
202712.0,4220.2449,7105.2269,1.1,330572.163038,4674293.09865,19,T
202713.0,4220.2449,7105.2269,1.1,330572.163038,4674293.09865,19,T
202714.0,4220.2449,7105.2269,1.1,330572.163038,4674293.09865,19,T
202715.0,4220.2449,7105.2269,1.1,330572.163038,4674293.09865,19,T
202716.0,4220.2449,7105.2269,1.1,330572.163038,4674293.09865,19,T
202717.0,4220.2449,7105.2269,1.1,330572.163038,4674293.09865,19,T
202718.0,4220.2449,7105.2269,1.1,330572.163038,4674293.09865,19,T
202719.0,4220.2449,7105.2269,1.1,330572.163038,4674293.09865,19,T
202720.0,4220.2449,7105.2269,1.1,330572.163038,4674293.09865,19,T
202721.0,4220.2449,7105.2269,1.1,330572.163038,4674293.09865,19,T
202722.0,4220.2449,7105.2269,1.7,330572.163038,4674293.09865,19,T
202723.0,4220.2449,7105.2269,1.7,330572.163038,4674293.09865,19,T
202724.0,4220.2449,7105.2269,1.7,330572.163038,4674293.09865,19,T
202725.0,4220.2448,7105.2269,1.7,330572.160365,4674292.98761,19,T
202726.0,4220.2448,7105.2269,1.7,330572.160365,4674292.98761,19,T
202727.0,4220.2448,7105.2269,1.7,330572.160365,4674292.98761,19,T
202728.0,4220.2448,7105.2269,1.7,330572.160365,4674292.98761,19,T
202729.0,4220.2448,7105.2269,1.7,330572.160365,4674292.98761,19,T
202730.0,4220.2448,7105.2269,1.7,330572.160365,4674292.98761,19,T
202731.0,4220.2448,7105.2269,1.7,330572.160365,4674292.98761,19,T
202732.0,4220.2448,7105.2269,1.7,330572.160365,4674292.98761,19,T
202733.0,4220.2448,7105.2269,1.7,330572.160365,4674292.98761,19,T
202734.0,4220.2448,7105.2269,1.7,330572.160365,4674292.98761,19,T
202735.0,4220.2448,7105.2269,1.7,330572.160365,4674292.98761,19,T
202736.0,4220.2448,7105.2269,1.7,330572.160365,4674292.98761,19,T
202737.0,4220.2448,7105.2269,1.7,330572.160365,4674292.98761,19,T
202738.0,4220.2448,7105.2269,1.7,330572.160365,4674292.98761,19,T
202739.0,4220.2448,7105.2269,1.7,330572.160365,4674292.98761,19,T
202740.0,4220.2448,7105.2269,1.7,330572.160365,4674292.98761,19,T
202741.0,4220.2448,7105.2269,1.7,330572.160365,4674292.98761,19,T
202742.0,4220.2448,7105.2269,1.7,330572.160365,4674292.98761,19,T
202743.0,4220.2448,7105.2269,1.7,330572.160365,4674292.98761,19,T
202744.0,4220.2448,7105.2269,1.7,330572.160365,4674292.98761,19,T
202745.0,4220.2448,7105.2269,1.7,330572.160365,4674292.98761,19,T
202746.0,4220.2448,7105.2269,1.1,330572.160365,4674292.98761,19,T
202747.0,4220.2448,7105.2269,1.1,330572.160365,4674292.98761,19,T
202748.0,4220.2448,7105.2269,1.1,330572.160365,4674292.98761,19,T
202749.0,4220.2448,7105.2269,1.1,330572.160365,4674292.98761,19,T
202750.0,4220.2448,7105.2269,1.1,330572.160365,4674292.98761,19,T
202751.0,4220.2448,7105.2269,1.1,330572.160365,4674292.98761,19,T
202752.0,4220.2448,7105.2269,1.1,330572.160365,4674292.98761,19,T
202753.0,4220.2448,7105.2268,1.1,330572.242925,4674292.98562,19,T
202754.0,4220.2448,7105.2268,1.1,330572.242925,4674292.98562,19,T
202755.0,4220.2448,7105.2268,1.1,330572.242925,4674292.98562,19,T
202756.0,4220.2448,7105.2268,1.1,330572.242925,4674292.98562,19,T
202757.0,4220.2448,7105.2268,1.1,330572.242925,4674292.98562,19,T
202758.0,4220.2448,7105.2268,1.1,330572.242925,4674292.98562,19,T
202759.0,4220.2448,7105.2268,1.1,330572.242925,4674292.98562,19,T
202800.0,4220.2448,7105.2268,1.1,330572.242925,4674292.98562,19,T
202801.0,4220.2448,7105.2268,1.1,330572.242925,4674292.98562,19,T
202802.0,4220.2448,7105.2268,1.1,330572.242925,4674292.98562,19,T
202803.0,4220.2448,7105.2268,1.1,330572.242925,4674292.98562,19,T
202804.0,4220.2448,7105.2268,1.1,330572.242925,4674292.98562,19,T
202805.0,4220.2448,7105.2268,1.1,330572.242925,4674292.98562,19,T
202806.0,4220.2448,7105.2268,1.1,330572.242925,4674292.98562,19,T
202807.0,4220.2448,7105.2268,1.1,330572.242925,4674292.98562,19,T
202808.0,4220.2448,7105.2268,1.1,330572.242925,4674292.98562,19,T
202809.0,4220.2448,7105.2268,1.1,330572.242925,4674292.98562,19,T
202810.0,4220.2448,7105.2268,1.1,330572.242925,4674292.98562,19,T
202811.0,4220.2448,7105.2268,1.1,330572.242925,4674292.98562,19,T
202812.0,4220.2448,7105.2268,1.1,330572.242925,4674292.98562,19,T
202813.0,4220.2448,7105.2268,1.1,330572.242925,4674292.98562,19,T
202814.0,4220.2448,7105.2268,1.1,330572.242925,4674292.98562,19,T
202815.0,4220.2448,7105.2268,1.1,330572.242925,4674292.98562,19,T
202816.0,4220.2448,7105.2268,1.1,330572.242925,4674292.98562,19,T
202817.0,4220.2448,7105.2268,1.1,330572.242925,4674292.98562,19,T
202818.0,4220.2448,7105.2268,1.1,330572.242925,4674292.98562,19,T
202819.0,4220.2447,7105.2268,1.1,330572.240252,4674292.87459,19,T
202820.0,4220.2447,7105.2268,1.1,330572.240252,4674292.87459,19,T
202821.0,4220.2447,7105.2268,1.1,330572.240252,4674292.87459,19,T
202822.0,4220.2447,7105.2268,1.1,330572.240252,4674292.87459,19,T
202823.0,4220.2447,7105.2268,1.1,330572.240252,4674292.87459,19,T
202824.0,4220.2447,7105.2268,1.1,330572.240252,4674292.87459,19,T
202825.0,4220.2447,7105.2268,1.1,330572.240252,4674292.87459,19,T
202826.0,4220.2447,7105.2268,1.1,330572.240252,4674292.87459,19,T
202827.0,4220.2447,7105.2268,1.1,330572.240252,4674292.87459,19,T
202828.0,4220.2447,7105.2268,1.1,330572.240252,4674292.87459,19,T
202829.0,4220.2447,7105.2268,1.1,330572.240252,4674292.87459,19,T
202830.0,4220.2447,7105.2268,1.1,330572.240252,4674292.87459,19,T
202831.0,4220.2447,7105.2268,1.1,330572.240252,4674292.87459,19,T
202832.0,4220.2447,7105.2268,1.1,330572.240252,4674292.87459,19,T
202833.0,4220.2447,7105.2268,1.1,330572.240252,4674292.87459,19,T
202834.0,4220.2447,7105.2268,1.1,330572.240252,4674292.87459,19,T
202835.0,4220.2447,7105.2268,1.1,330572.240252,4674292.87459,19,T
202836.0,4220.2447,7105.2268,1.1,330572.240252,4674292.87459,19,T
202837.0,4220.2447,7105.2268,1.1,330572.240252,4674292.87459,19,T
202838.0,4220.2447,7105.2268,1.1,330572.240252,4674292.87459,19,T
202839.0,4220.2447,7105.2268,1.1,330572.240252,4674292.87459,19,T
202840.0,4220.2447,7105.2268,1.1,330572.240252,4674292.87459,19,T
202841.0,4220.2447,7105.2268,1.1,330572.240252,4674292.87459,19,T
202842.0,4220.2447,7105.2268,1.1,330572.240252,4674292.87459,19,T
202843.0,4220.2447,7105.2268,1.1,330572.240252,4674292.87459,19,T
202844.0,4220.2447,7105.2268,1.1,330572.240252,4674292.87459,19,T
202845.0,4220.2447,7105.2268,1.1,330572.240252,4674292.87459,19,T
202846.0,4220.2447,7105.2268,1.1,330572.240252,4674292.87459,19,T
202847.0,4220.2447,7105.2268,1.1,330572.240252,4674292.87459,19,T
202848.0,4220.2447,7105.2268,1.1,330572.240252,4674292.87459,19,T
202849.0,4220.2447,7105.2268,1.1,330572.240252,4674292.87459,19,T
202850.0,4220.2447,7105.2268,1.1,330572.240252,4674292.87459,19,T
202851.0,4220.2447,7105.2267,1.1,330572.322812,4674292.8726,19,T
202852.0,4220.2447,7105.2267,1.1,330572.322812,4674292.8726,19,T
202853.0,4220.2447,7105.2267,1.1,330572.322812,4674292.8726,19,T
202854.0,4220.2446,7105.2267,1.1,330572.320139,4674292.76156,19,T
202855.0,4220.2446,7105.2267,1.1,330572.320139,4674292.76156,19,T
202856.0,4220.2446,7105.2267,1.1,330572.320139,4674292.76156,19,T
202857.0,4220.2446,7105.2267,1.1,330572.320139,4674292.76156,19,T
202858.0,4220.2446,7105.2267,1.1,330572.320139,4674292.76156,19,T
202859.0,4220.2446,7105.2267,1.1,330572.320139,4674292.76156,19,T
202900.0,4220.2446,7105.2267,1.1,330572.320139,4674292.76156,19,T
202901.0,4220.2446,7105.2267,1.1,330572.320139,4674292.76156,19,T
202902.0,4220.2446,7105.2267,1.1,330572.320139,4674292.76156,19,T
202903.0,4220.2446,7105.2267,1.1,330572.320139,4674292.76156,19,T
202904.0,4220.2446,7105.2267,1.1,330572.320139,4674292.76156,19,T
202905.0,4220.2446,7105.2267,1.1,330572.320139,4674292.76156,19,T
202906.0,4220.2446,7105.2267,1.1,330572.320139,4674292.76156,19,T
202907.0,4220.2446,7105.2267,1.1,330572.320139,4674292.76156,19,T
202908.0,4220.2446,7105.2267,1.1,330572.320139,4674292.76156,19,T
202909.0,4220.2446,7105.2267,1.1,330572.320139,4674292.76156,19,T
202910.0,4220.2446,7105.2267,1.1,330572.320139,4674292.76156,19,T
202911.0,4220.2446,7105.2267,1.1,330572.320139,4674292.76156,19,T
202912.0,4220.2446,7105.2267,1.1,330572.320139,4674292.76156,19,T
202913.0,4220.2446,7105.2267,1.1,330572.320139,4674292.76156,19,T
202914.0,4220.2446,7105.2267,1.1,330572.320139,4674292.76156,19,T
202915.0,4220.2446,7105.2267,1.1,330572.320139,4674292.76156,19,T
202916.0,4220.2446,7105.2267,1.1,330572.320139,4674292.76156,19,T
202917.0,4220.2446,7105.2267,1.1,330572.320139,4674292.76156,19,T
202918.0,4220.2446,7105.2267,1.1,330572.320139,4674292.76156,19,T
202919.0,4220.2446,7105.2267,1.1,330572.320139,4674292.76156,19,T
202920.0,4220.2446,7105.2267,1.1,330572.320139,4674292.76156,19,T
202921.0,4220.2446,7105.2267,1.1,330572.320139,4674292.76156,19,T
202922.0,4220.2446,7105.2267,1.1,330572.320139,4674292.76156,19,T
202923.0,4220.2446,7105.2267,1.1,330572.320139,4674292.76156,19,T
202924.0,4220.2446,7105.2267,1.1,330572.320139,4674292.76156,19,T
202925.0,4220.2446,7105.2267,1.1,330572.320139,4674292.76156,19,T
202926.0,4220.2446,7105.2267,1.1,330572.320139,4674292.76156,19,T
202927.0,4220.2446,7105.2267,1.1,330572.320139,4674292.76156,19,T
202928.0,4220.2446,7105.2267,1.1,330572.320139,4674292.76156,19,T
202929.0,4220.2446,7105.2267,1.1,330572.320139,4674292.76156,19,T
202930.0,4220.2446,7105.2267,1.1,330572.320139,4674292.76156,19,T
202931.0,4220.2445,7105.2267,1.1,330572.317466,4674292.65052,19,T
202932.0,4220.2445,7105.2267,1.1,330572.317466,4674292.65052,19,T
202933.0,4220.2445,7105.2267,1.1,330572.317466,4674292.65052,19,T
202934.0,4220.2445,7105.2267,1.1,330572.317466,4674292.65052,19,T
202935.0,4220.2445,7105.2267,1.1,330572.317466,4674292.65052,19,T
202936.0,4220.2445,7105.2267,1.1,330572.317466,4674292.65052,19,T
202937.0,4220.2445,7105.2267,1.1,330572.317466,4674292.65052,19,T
202938.0,4220.2445,7105.2267,1.1,330572.317466,4674292.65052,19,T
202939.0,4220.2445,7105.2267,1.1,330572.317466,4674292.65052,19,T
202940.0,4220.2445,7105.2267,1.1,330572.317466,4674292.65052,19,T
202941.0,4220.2445,7105.2267,1.1,330572.317466,4674292.65052,19,T
202942.0,4220.2445,7105.2267,1.1,330572.317466,4674292.65052,19,T
202943.0,4220.2445,7105.2267,1.1,330572.317466,4674292.65052,19,T
202944.0,4220.2445,7105.2267,1.1,330572.317466,4674292.65052,19,T
202945.0,4220.2445,7105.2267,1.1,330572.317466,4674292.65052,19,T
202946.0,4220.2445,7105.2267,1.1,330572.317466,4674292.65052,19,T
202947.0,4220.2445,7105.2267,1.1,330572.317466,4674292.65052,19,T
202948.0,4220.2445,7105.2267,1.1,330572.317466,4674292.65052,19,T
202949.0,4220.2445,7105.2267,1.1,330572.317466,4674292.65052,19,T
202950.0,4220.2445,7105.2267,1.1,330572.317466,4674292.65052,19,T
202951.0,4220.2445,7105.2267,1.1,330572.317466,4674292.65052,19,T
202952.0,4220.2445,7105.2267,1.1,330572.317466,4674292.65052,19,T
202953.0,4220.2445,7105.2267,1.1,330572.317466,4674292.65052,19,T
202954.0,4220.2445,7105.2267,1.1,330572.317466,4674292.65052,19,T
202955.0,4220.2445,7105.2267,1.1,330572.317466,4674292.65052,19,T
202956.0,4220.2445,7105.2267,1.1,330572.317466,4674292.65052,19,T
202957.0,4220.2445,7105.2267,1.1,330572.317466,4674292.65052,19,T
202958.0,4220.2445,7105.2267,1.1,330572.317466,4674292.65052,19,T
202959.0,4220.2445,7105.2267,1.1,330572.317466,4674292.65052,19,T
203000.0,4220.2445,7105.2267,1.1,330572.317466,4674292.65052,19,T
203001.0,4220.2445,7105.2267,1.1,330572.317466,4674292.65052,19,T
203002.0,4220.2445,7105.2267,1.1,330572.317466,4674292.65052,19,T
203003.0,4220.2445,7105.2267,1.1,330572.317466,4674292.65052,19,T
203004.0,4220.2445,7105.2267,1.1,330572.317466,4674292.65052,19,T
203005.0,4220.2445,7105.2267,1.1,330572.317466,4674292.65052,19,T
203006.0,4220.2445,7105.2267,1.1,330572.317466,4674292.65052,19,T
203007.0,4220.2445,7105.2267,1.1,330572.317466,4674292.65052,19,T
203008.0,4220.2444,7105.2267,1.1,330572.314793,4674292.53948,19,T
203009.0,4220.2444,7105.2267,1.1,330572.314793,4674292.53948,19,T
203010.0,4220.2444,7105.2267,1.1,330572.314793,4674292.53948,19,T
203011.0,4220.2444,7105.2267,1.1,330572.314793,4674292.53948,19,T
203012.0,4220.2444,7105.2267,1.1,330572.314793,4674292.53948,19,T
203013.0,4220.2444,7105.2267,1.1,330572.314793,4674292.53948,19,T
203014.0,4220.2444,7105.2267,1.1,330572.314793,4674292.53948,19,T
203015.0,4220.2444,7105.2267,1.1,330572.314793,4674292.53948,19,T
203016.0,4220.2444,7105.2267,1.1,330572.314793,4674292.53948,19,T
203017.0,4220.2444,7105.2267,1.1,330572.314793,4674292.53948,19,T
203018.0,4220.2444,7105.2267,1.1,330572.314793,4674292.53948,19,T
203019.0,4220.2444,7105.2267,1.1,330572.314793,4674292.53948,19,T
203020.0,4220.2444,7105.2267,1.1,330572.314793,4674292.53948,19,T
203021.0,4220.2444,7105.2267,1.1,330572.314793,4674292.53948,19,T
203022.0,4220.2444,7105.2267,1.1,330572.314793,4674292.53948,19,T
203023.0,4220.2444,7105.2267,1.1,330572.314793,4674292.53948,19,T
203024.0,4220.2444,7105.2267,1.1,330572.314793,4674292.53948,19,T
203025.0,4220.2444,7105.2267,1.1,330572.314793,4674292.53948,19,T
203026.0,4220.2444,7105.2267,1.1,330572.314793,4674292.53948,19,T
203027.0,4220.2444,7105.2267,1.1,330572.314793,4674292.53948,19,T
203028.0,4220.2444,7105.2267,1.1,330572.314793,4674292.53948,19,T
203029.0,4220.2444,7105.2267,1.1,330572.314793,4674292.53948,19,T
203030.0,4220.2444,7105.2267,1.1,330572.314793,4674292.53948,19,T
203031.0,4220.2444,7105.2267,1.1,330572.314793,4674292.53948,19,T
203032.0,4220.2444,7105.2267,1.1,330572.314793,4674292.53948,19,T
203033.0,4220.2444,7105.2267,1.1,330572.314793,4674292.53948,19,T
203034.0,4220.2444,7105.2267,1.1,330572.314793,4674292.53948,19,T
203035.0,4220.2444,7105.2267,1.1,330572.314793,4674292.53948,19,T
203036.0,4220.2444,7105.2267,1.1,330572.314793,4674292.53948,19,T
203037.0,4220.2444,7105.2267,1.1,330572.314793,4674292.53948,19,T
203038.0,4220.2444,7105.2267,1.1,330572.314793,4674292.53948,19,T
203039.0,4220.2444,7105.2267,1.1,330572.314793,4674292.53948,19,T
203040.0,4220.2444,7105.2267,1.1,330572.314793,4674292.53948,19,T
203041.0,4220.2444,7105.2267,1.1,330572.314793,4674292.53948,19,T
203042.0,4220.2444,7105.2267,1.1,330572.314793,4674292.53948,19,T
203043.0,4220.2444,7105.2267,1.1,330572.314793,4674292.53948,19,T
203044.0,4220.2444,7105.2267,1.1,330572.314793,4674292.53948,19,T
203045.0,4220.2444,7105.2267,1.1,330572.314793,4674292.53948,19,T
